# column 1: wavelength (micron)
# column 2: total flux; lambda*F_lambda (W/m2)
# column 3: transparent flux; lambda*F_lambda (W/m2)
# column 4: direct primary flux; lambda*F_lambda (W/m2)
# column 5: scattered primary flux; lambda*F_lambda (W/m2)
# column 6: direct secondary flux; lambda*F_lambda (W/m2)
# column 7: scattered secondary flux; lambda*F_lambda (W/m2)
1.000000000e-03 4.759016555e-13 8.819414256e-12 4.752772499e-13 6.244056741e-16 0.000000000e+00 0.000000000e+00
1.188502227e-03 5.033313555e-13 2.077016675e-11 5.004846387e-13 2.846716730e-15 0.000000000e+00 0.000000000e+00
1.412537545e-03 1.942048022e-13 2.562716774e-11 1.933461208e-13 8.586814175e-16 0.000000000e+00 0.000000000e+00
1.678804018e-03 1.648546177e-13 3.192959135e-11 1.543327718e-13 1.052184586e-14 0.000000000e+00 0.000000000e+00
1.995262315e-03 4.135875862e-14 4.026080900e-11 3.990711421e-14 1.451644415e-15 0.000000000e+00 0.000000000e+00
2.371373706e-03 4.883127365e-14 4.851261361e-11 2.371710356e-14 2.511417009e-14 0.000000000e+00 0.000000000e+00
2.818382931e-03 1.284526539e-14 5.865048491e-11 3.192998140e-15 9.652267246e-15 0.000000000e+00 0.000000000e+00
3.349654392e-03 6.208436154e-15 7.088215215e-11 2.841977610e-16 5.924238393e-15 0.000000000e+00 0.000000000e+00
3.981071706e-03 1.406641056e-15 8.790361530e-11 1.173816456e-16 1.289259410e-15 0.000000000e+00 0.000000000e+00
4.731512590e-03 2.935575562e-11 1.104034609e-10 2.921211981e-15 2.935283440e-11 0.000000000e+00 0.000000000e+00
5.623413252e-03 1.184814131e-14 1.368563884e-10 1.457698031e-16 1.170237150e-14 0.000000000e+00 0.000000000e+00
6.683439176e-03 1.715993203e-15 1.746974253e-10 7.895305976e-18 1.708097897e-15 0.000000000e+00 0.000000000e+00
7.943282347e-03 2.154016946e-13 2.114380060e-10 6.952034589e-19 2.154009993e-13 0.000000000e+00 0.000000000e+00
9.440608763e-03 1.283776663e-15 2.419116766e-10 5.096258961e-20 1.283725701e-15 0.000000000e+00 0.000000000e+00
1.122018454e-02 3.372687609e-17 2.713871866e-10 1.225878826e-20 3.371461731e-17 0.000000000e+00 0.000000000e+00
1.333521432e-02 1.441350364e-17 2.617795603e-10 1.422732929e-21 1.441208091e-17 0.000000000e+00 0.000000000e+00
1.584893192e-02 9.249022872e-17 2.712741557e-10 1.469870445e-22 9.249008174e-17 0.000000000e+00 0.000000000e+00
1.883649089e-02 1.004160616e-19 2.736478046e-10 1.478706395e-23 1.004012745e-19 0.000000000e+00 0.000000000e+00
2.238721139e-02 2.906814345e-20 2.669789816e-10 1.790063221e-24 2.906635339e-20 0.000000000e+00 0.000000000e+00
2.660725060e-02 3.450312305e-22 2.760214534e-10 1.286041463e-25 3.449026264e-22 0.000000000e+00 0.000000000e+00
3.162277660e-02 7.186027630e-23 2.729696192e-10 7.077623532e-27 7.185319868e-23 0.000000000e+00 0.000000000e+00
3.758374043e-02 1.816655272e-25 2.729696192e-10 7.341297878e-28 1.809313974e-25 0.000000000e+00 0.000000000e+00
4.466835922e-02 3.753652094e-27 2.710480939e-10 5.591214523e-29 3.697739949e-27 0.000000000e+00 0.000000000e+00
5.308844442e-02 4.447722074e-30 2.792993495e-10 2.202438010e-31 4.227478273e-30 0.000000000e+00 0.000000000e+00
6.309573445e-02 9.468892341e-35 2.666398889e-10 8.918019944e-36 8.577090346e-35 0.000000000e+00 0.000000000e+00
7.498942093e-02 1.895008230e-45 2.782820714e-10 4.406768852e-46 1.454331345e-45 0.000000000e+00 0.000000000e+00
8.912509381e-02 3.539968806e-44 2.782820714e-10 9.989140113e-45 2.541054795e-44 3.782075322e-67 2.933106148e-67
1.059253725e-01 9.075112912e-37 2.713253850e-10 1.148152381e-37 7.926960531e-37 8.136029694e-57 3.263705552e-58
1.258925412e-01 1.724737042e-30 2.387738461e-10 3.990663296e-32 1.684830409e-30 4.040207044e-46 3.714439235e-48
1.496235656e-01 7.301597537e-27 2.235249137e-10 3.816646120e-28 6.919932925e-27 1.679905361e-39 4.947251735e-39
1.778279410e-01 3.088234974e-26 2.014679646e-10 1.877685411e-27 2.900466433e-26 1.426232330e-37 8.398264116e-38
2.113489040e-01 6.037297995e-29 1.986794243e-10 5.499703702e-30 5.487327624e-29 1.017966716e-38 4.731398528e-39
2.511886432e-01 4.429282620e-25 1.784008860e-10 2.776338998e-26 4.151642555e-25 2.065662845e-32 5.959306212e-31
2.985382619e-01 2.162501345e-21 1.558537809e-10 1.150306292e-23 2.150985589e-21 2.874863602e-28 1.240517468e-26
3.548133892e-01 9.657401466e-20 1.403342412e-10 8.728710000e-22 9.566620490e-20 2.201044977e-25 3.471865540e-23
4.216965034e-01 2.597228321e-17 1.336256730e-10 4.801642416e-20 2.592358794e-17 1.499189712e-22 5.289270235e-22
5.011872336e-01 5.628489419e-17 1.196496907e-10 1.823665350e-18 5.068801425e-17 2.058773867e-20 3.752626853e-18
5.956621435e-01 1.829939314e-15 1.143993110e-10 4.555649364e-17 1.119350500e-15 2.665011207e-18 6.623673086e-16
7.079457844e-01 1.699079707e-14 1.032435436e-10 7.954444059e-16 1.103085702e-14 1.458932993e-16 5.018602353e-15
8.413951416e-01 1.128018475e-13 9.035613033e-11 8.854775731e-15 4.616398998e-14 3.962412563e-15 5.382066922e-14
1.000000000e+00 5.318859277e-13 9.277163909e-11 5.887103719e-14 1.578504850e-13 4.596954704e-14 2.691948584e-13
1.079840827e+00 1.296100046e-12 8.872775702e-11 1.698900989e-13 3.572008123e-13 1.562665746e-13 6.127425606e-13
1.166056212e+00 2.761500224e-12 7.661485006e-11 3.230068963e-13 3.980317581e-13 5.289447526e-13 1.511516817e-12
1.259155105e+00 5.249950917e-12 7.133525473e-11 6.239094389e-13 5.782245124e-13 1.354448722e-12 2.693368243e-12
1.359687090e+00 9.915050811e-12 7.461949853e-11 1.234100259e-12 8.197907626e-13 3.108700697e-12 4.752459093e-12
1.468245632e+00 1.634375847e-11 7.021039576e-11 2.053234654e-12 8.810437333e-13 6.249831542e-12 7.159648537e-12
1.585471577e+00 2.753327051e-11 6.781052474e-11 3.273152103e-12 1.076148870e-12 1.206308853e-11 1.112088100e-11
1.712056940e+00 4.076407350e-11 6.669262352e-11 5.061335039e-12 1.280125709e-12 2.103020836e-11 1.339240440e-11
1.848748982e+00 6.772255057e-11 6.793450359e-11 7.595864860e-12 1.376215776e-12 3.989796459e-11 1.885250534e-11
1.996354630e+00 8.827161601e-11 5.957853856e-11 9.286690751e-12 1.218108937e-12 5.681034061e-11 2.095647572e-11
2.155745235e+00 1.149992674e-10 5.610277169e-11 1.165310169e-11 1.147480843e-12 8.048203950e-11 2.171664533e-11
2.327861718e+00 1.445602838e-10 5.243332022e-11 1.398146168e-11 1.026330535e-12 1.076191704e-10 2.193332116e-11
2.513720123e+00 1.699706075e-10 5.518506857e-11 1.790557449e-11 9.749517740e-13 1.314261586e-10 1.966392264e-11
2.714417617e+00 2.025648645e-10 5.382438149e-11 2.066823739e-11 8.399917377e-13 1.631280364e-10 1.792859889e-11
2.931138964e+00 2.275933412e-10 5.096653193e-11 2.245222776e-11 6.408645821e-13 1.893619746e-10 1.513827421e-11
3.165163524e+00 2.483724027e-10 4.841743020e-11 2.394338901e-11 5.124643889e-13 2.113861175e-10 1.253043180e-11
3.417872798e+00 2.650141190e-10 4.942576574e-11 2.692651539e-11 4.029828029e-13 2.279043651e-10 9.780255614e-12
3.690758589e+00 2.824063656e-10 4.467579319e-11 2.634305650e-11 3.072602986e-13 2.478548203e-10 7.901228539e-12
3.985431808e+00 2.894190140e-10 4.030824557e-11 2.544761018e-11 2.165721139e-13 2.578094818e-10 5.945349855e-12
4.303631980e+00 3.061717720e-10 4.499430835e-11 3.007281382e-11 1.940617312e-13 2.712441938e-10 4.660702727e-12
4.647237517e+00 3.020417847e-10 3.838794543e-11 2.699356297e-11 1.255569744e-13 2.715351896e-10 3.387475158e-12
5.018276805e+00 2.935907012e-10 3.566667640e-11 2.612462486e-11 8.813528695e-14 2.649818220e-10 2.396118976e-12
5.418940176e+00 2.966443316e-10 3.149975130e-11 2.385089420e-11 6.004978463e-14 2.709780948e-10 1.755292776e-12
5.851592842e+00 2.697369756e-10 2.266895666e-11 1.763549745e-11 3.267409060e-14 2.508931083e-10 1.175695676e-12
6.318788855e+00 2.562766545e-10 1.853803938e-11 1.474068818e-11 1.981191143e-14 2.406966156e-10 8.195387489e-13
6.823286184e+00 2.340234171e-10 1.401864138e-11 1.135747937e-11 1.107636155e-14 2.221094609e-10 5.454004093e-13
7.368062997e+00 2.296347336e-10 1.186485214e-11 9.616305117e-12 6.512288139e-15 2.196316915e-10 3.802246997e-13
7.956335242e+00 2.277227810e-10 9.366902737e-12 6.749108524e-12 3.188870658e-15 2.207079701e-10 2.625135403e-13
8.591575629e+00 2.562618993e-10 7.458478828e-12 3.964982116e-12 1.321415618e-15 2.520881097e-10 2.074860650e-13
9.277534134e+00 2.526156133e-10 5.909761551e-12 2.288244542e-12 6.232553101e-16 2.501633087e-10 1.634368191e-13
1.001826013e+01 2.440424767e-10 5.092151511e-12 2.013841797e-12 4.670800926e-16 2.418931692e-10 1.349985894e-13
1.081812631e+01 2.289980666e-10 4.100132621e-12 2.005334565e-12 3.814444677e-16 2.268903137e-10 1.020368430e-13
1.168185446e+01 1.878390241e-10 2.707895135e-12 1.620596895e-12 2.304245276e-16 1.861537283e-10 6.446849029e-14
1.261454339e+01 1.624554877e-10 2.361151228e-12 1.628676746e-12 1.762824696e-16 1.607857711e-10 4.086355740e-14
1.362169896e+01 1.289544041e-10 2.036821607e-12 1.541893226e-12 1.194947094e-16 1.273901721e-10 2.221933443e-14
1.470926668e+01 1.160573081e-10 1.537300360e-12 1.180311308e-12 6.349862270e-17 1.148652618e-10 1.167146718e-14
1.588366670e+01 1.091434656e-10 1.320225196e-12 9.678288508e-13 1.616833468e-17 1.081703466e-10 5.274017761e-15
1.715183178e+01 1.071941508e-10 1.026113739e-12 7.132614273e-13 0.000000000e+00 1.064797106e-10 1.178791031e-15
1.852124822e+01 1.029844658e-10 7.596439506e-13 5.184977954e-13 0.000000000e+00 1.024658114e-10 1.565553050e-16
2.000000000e+01 7.982347231e-11 5.522546926e-13 3.916420484e-13 0.000000000e+00 7.943182348e-11 6.790245165e-18
2.238721139e+01 6.027807531e-11 3.974414261e-13 2.999483624e-13 0.000000000e+00 5.997812695e-11 0.000000000e+00
2.660725060e+01 4.241863971e-11 2.653323695e-13 2.121528490e-13 0.000000000e+00 4.220648686e-11 0.000000000e+00
3.162277660e+01 2.612926606e-11 1.578698895e-13 1.321878835e-13 0.000000000e+00 2.599707817e-11 0.000000000e+00
3.758374043e+01 1.442431480e-11 9.489093255e-14 8.256894446e-14 0.000000000e+00 1.434174585e-11 0.000000000e+00
4.466835922e+01 7.670810225e-12 5.358260877e-14 4.827556880e-14 0.000000000e+00 7.622534656e-12 0.000000000e+00
5.308844442e+01 4.160943419e-12 3.314789507e-14 3.072182627e-14 0.000000000e+00 4.130221593e-12 0.000000000e+00
6.309573445e+01 1.815436425e-12 1.764533537e-14 1.672901208e-14 0.000000000e+00 1.798707413e-12 0.000000000e+00
7.498942093e+01 8.043488834e-13 1.157952105e-14 1.115735962e-14 0.000000000e+00 7.931915237e-13 0.000000000e+00
8.912509381e+01 3.427083167e-13 6.835937381e-15 6.660964468e-15 0.000000000e+00 3.360473522e-13 0.000000000e+00
1.059253725e+02 1.586489445e-13 4.090629466e-15 4.018099074e-15 0.000000000e+00 1.546308454e-13 0.000000000e+00
1.258925412e+02 6.762576529e-14 2.430467315e-15 2.399365328e-15 0.000000000e+00 6.522639996e-14 0.000000000e+00
1.496235656e+02 3.065766017e-14 1.496665869e-15 1.483112819e-15 0.000000000e+00 2.917454735e-14 0.000000000e+00
1.778279410e+02 1.369216925e-14 7.992318725e-16 7.942080556e-16 0.000000000e+00 1.289796119e-14 0.000000000e+00
2.113489040e+02 5.937335599e-15 5.003985141e-16 4.981834675e-16 0.000000000e+00 5.439152131e-15 0.000000000e+00
2.511886432e+02 2.504399339e-15 2.933037027e-16 2.923918265e-16 0.000000000e+00 2.212007512e-15 0.000000000e+00
2.985382619e+02 1.166722303e-15 1.974401274e-16 1.970036680e-16 0.000000000e+00 9.697186349e-16 0.000000000e+00
3.548133892e+02 5.610665296e-16 1.182206637e-16 1.180356525e-16 0.000000000e+00 4.430308771e-16 0.000000000e+00
4.216965034e+02 2.389775792e-16 6.348109413e-17 6.341105804e-17 0.000000000e+00 1.755665212e-16 0.000000000e+00
5.011872336e+02 1.070004983e-16 3.664261550e-17 3.661384199e-17 0.000000000e+00 7.038665627e-17 0.000000000e+00
5.956621435e+02 5.705807092e-17 2.391197255e-17 2.389871583e-17 0.000000000e+00 3.315935509e-17 0.000000000e+00
7.079457844e+02 2.523711898e-17 1.223264943e-17 1.222782229e-17 0.000000000e+00 1.300929668e-17 0.000000000e+00
8.413951416e+02 1.335440597e-17 7.855911662e-18 7.853710439e-18 0.000000000e+00 5.500695530e-18 0.000000000e+00
1.000000000e+03 4.909146566e-18 2.540777089e-18 2.540230370e-18 0.000000000e+00 2.368916196e-18 0.000000000e+00
