# column 1: wavelength (micron)
# column 2: total flux; lambda*F_lambda (W/m2)
# column 3: transparent flux; lambda*F_lambda (W/m2)
# column 4: direct primary flux; lambda*F_lambda (W/m2)
# column 5: scattered primary flux; lambda*F_lambda (W/m2)
# column 6: direct secondary flux; lambda*F_lambda (W/m2)
# column 7: scattered secondary flux; lambda*F_lambda (W/m2)
1.000000000e-03 6.657018082e-12 8.927263946e-12 6.653494112e-12 3.523970111e-15 0.000000000e+00 0.000000000e+00
1.188502227e-03 1.434550550e-11 2.090632187e-11 1.432587490e-11 1.963060052e-14 0.000000000e+00 0.000000000e+00
1.412537545e-03 1.613454662e-11 2.595412307e-11 1.585753578e-11 2.770108452e-13 0.000000000e+00 0.000000000e+00
1.678804018e-03 1.871159744e-11 3.205960570e-11 1.867079538e-11 4.080205265e-14 0.000000000e+00 0.000000000e+00
1.995262315e-03 1.934050228e-11 3.901277125e-11 1.924320956e-11 9.729271623e-14 0.000000000e+00 0.000000000e+00
2.371373706e-03 2.237352406e-11 4.820242769e-11 2.222375153e-11 1.497725390e-13 0.000000000e+00 0.000000000e+00
2.818382931e-03 2.301135949e-11 5.993796494e-11 2.184441748e-11 1.166942011e-12 0.000000000e+00 0.000000000e+00
3.349654392e-03 2.453193708e-11 7.267777770e-11 2.054245665e-11 3.989480427e-12 0.000000000e+00 0.000000000e+00
3.981071706e-03 3.175727362e-11 9.131681440e-11 2.172540158e-11 1.003187204e-11 0.000000000e+00 0.000000000e+00
4.731512590e-03 5.484839693e-11 1.105644282e-10 3.748920432e-11 1.735919261e-11 0.000000000e+00 0.000000000e+00
5.623413252e-03 3.918795211e-11 1.366209875e-10 3.323562499e-11 5.952327120e-12 0.000000000e+00 0.000000000e+00
6.683439176e-03 8.741778567e-11 1.678083276e-10 2.995587750e-11 5.746190817e-11 0.000000000e+00 0.000000000e+00
7.943282347e-03 1.381618780e-10 2.036754994e-10 2.797608605e-11 1.101857920e-10 0.000000000e+00 0.000000000e+00
9.440608763e-03 9.451090610e-11 2.541732381e-10 2.673925073e-11 6.777165538e-11 0.000000000e+00 0.000000000e+00
1.122018454e-02 7.269337534e-11 2.721670998e-10 2.481186528e-11 4.788151006e-11 0.000000000e+00 0.000000000e+00
1.333521432e-02 6.483014828e-11 2.741112312e-10 2.018707425e-11 4.464307403e-11 0.000000000e+00 0.000000000e+00
1.584893192e-02 6.404707334e-11 2.719749473e-10 1.578768483e-11 4.825938851e-11 0.000000000e+00 0.000000000e+00
1.883649089e-02 4.926881333e-11 2.755806329e-10 1.281804500e-11 3.645076833e-11 0.000000000e+00 0.000000000e+00
2.238721139e-02 3.946995933e-11 2.733087119e-10 1.018295171e-11 2.928700762e-11 0.000000000e+00 0.000000000e+00
2.660725060e-02 3.225943616e-11 2.749815692e-10 7.789376253e-12 2.447005991e-11 0.000000000e+00 0.000000000e+00
3.162277660e-02 2.501575877e-11 2.722688276e-10 5.799319394e-12 1.921643937e-11 0.000000000e+00 0.000000000e+00
3.758374043e-02 1.888603692e-11 2.705620610e-10 4.700979595e-12 1.418505733e-11 0.000000000e+00 0.000000000e+00
4.466835922e-02 1.420216258e-11 2.737947447e-10 3.413828061e-12 1.078833451e-11 0.000000000e+00 0.000000000e+00
5.308844442e-02 7.844889390e-12 2.737156231e-10 1.790969598e-12 6.053919791e-12 0.000000000e+00 0.000000000e+00
6.309573445e-02 2.066143996e-12 2.709915785e-10 4.204628044e-13 1.645681192e-12 0.000000000e+00 0.000000000e+00
7.498942093e-02 2.874227789e-13 2.738625633e-10 5.718082130e-14 2.302419576e-13 0.000000000e+00 0.000000000e+00
8.912509381e-02 3.852014072e-13 2.716019453e-10 8.856612720e-14 2.966352800e-13 6.615746682e-38 6.251874599e-38
1.059253725e-01 1.257979694e-12 2.633297641e-10 3.008860506e-13 9.570936430e-13 4.667393293e-32 2.197552092e-31
1.258925412e-01 4.336219034e-12 2.411203297e-10 1.180971382e-12 3.155247652e-12 1.087753394e-27 3.130708414e-26
1.496235656e-01 9.175375930e-12 2.197201752e-10 3.100963868e-12 6.074412063e-12 1.242383009e-24 2.725285850e-24
1.778279410e-01 1.158761846e-11 2.004942856e-10 3.835573835e-12 7.752044619e-12 1.378393447e-22 4.526495226e-22
2.113489040e-01 5.748447934e-12 1.900548990e-10 1.767160066e-12 3.981287846e-12 5.230991609e-21 1.647275442e-20
2.511886432e-01 1.057992970e-11 1.699185314e-10 3.455331724e-12 7.124594538e-12 7.269986365e-19 2.711619764e-18
2.985382619e-01 1.746912413e-11 1.562445214e-10 6.892297674e-12 1.057670267e-11 3.584181430e-17 8.794486703e-17
3.548133892e-01 2.283339449e-11 1.435507198e-10 1.023606265e-11 1.259484202e-11 7.304734792e-16 1.759346940e-15
4.216965034e-01 2.795832433e-11 1.338607693e-10 1.435793298e-11 1.357847809e-11 7.550927176e-15 1.436233770e-14
5.011872336e-01 3.292668724e-11 1.217333682e-10 1.920179728e-11 1.356305231e-11 6.849025106e-14 9.334740045e-14
5.956621435e-01 3.795556670e-11 1.105743234e-10 2.446852279e-11 1.266289510e-11 4.064570907e-13 4.176917107e-13
7.079457844e-01 4.444280168e-11 1.023592039e-10 3.055908489e-11 1.117046431e-11 1.529110244e-12 1.184142226e-12
8.413951416e-01 5.347403459e-11 9.376108575e-11 3.640233209e-11 9.065613024e-12 5.112412936e-12 2.893676538e-12
1.000000000e+00 6.746076057e-11 9.081752058e-11 4.304435188e-11 7.355430161e-12 1.214058010e-11 4.920398422e-12
1.079840827e+00 7.331910577e-11 8.203887041e-11 4.371728949e-11 5.610077206e-12 1.809640476e-11 5.895334317e-12
1.166056212e+00 8.474526119e-11 7.996328969e-11 4.618039857e-11 4.737299588e-12 2.670343075e-11 7.124132286e-12
1.259155105e+00 9.546720060e-11 7.660303592e-11 4.761304967e-11 3.857143922e-12 3.625382179e-11 7.743185221e-12
1.359687090e+00 1.079712108e-10 7.405424112e-11 4.907713696e-11 3.117375183e-12 4.768234925e-11 8.094349422e-12
1.468245632e+00 1.235294256e-10 7.080913569e-11 4.968033470e-11 2.480951011e-12 6.275083675e-11 8.617303146e-12
1.585471577e+00 1.396170671e-10 6.823733625e-11 5.032279636e-11 1.979617356e-12 7.885092196e-11 8.463731446e-12
1.712056940e+00 1.525789701e-10 6.389519832e-11 4.928248809e-11 1.498227493e-12 9.395804772e-11 7.840206789e-12
1.848748982e+00 1.721886451e-10 6.386713015e-11 5.126812836e-11 1.178726063e-12 1.125700064e-10 7.171784294e-12
1.996354630e+00 1.868133769e-10 6.067473194e-11 5.039066397e-11 8.668949505e-13 1.294047639e-10 6.151054071e-12
2.155745235e+00 1.994656314e-10 5.914872883e-11 5.055493818e-11 6.446350612e-13 1.432420561e-10 5.024002122e-12
2.327861718e+00 2.189147953e-10 5.595052447e-11 4.900224496e-11 4.588927100e-13 1.652126667e-10 4.240990904e-12
2.513720123e+00 2.212108044e-10 5.366891556e-11 4.796014069e-11 3.272619775e-13 1.697702867e-10 3.153114969e-12
2.714417617e+00 2.347803754e-10 5.231663330e-11 4.752848623e-11 2.362453658e-13 1.845369590e-10 2.478684757e-12
2.931138964e+00 2.403802609e-10 5.025175352e-11 4.629300272e-11 1.658756220e-13 1.920704312e-10 1.850951338e-12
3.165163524e+00 2.374730092e-10 4.835010147e-11 4.506210336e-11 1.169361283e-13 1.909712764e-10 1.322693295e-12
3.417872798e+00 2.353019247e-10 4.751140009e-11 4.470474557e-11 8.435368005e-14 1.895647205e-10 9.481050107e-13
3.690758589e+00 2.305220413e-10 4.522289283e-11 4.289696787e-11 5.890647967e-14 1.868909011e-10 6.752659017e-13
3.985431808e+00 2.183423009e-10 4.199918131e-11 4.011128065e-11 4.012145340e-14 1.777291622e-10 4.617365818e-13
4.303631980e+00 2.089041273e-10 3.965387729e-11 3.809199759e-11 2.770647472e-14 1.704642064e-10 3.202168873e-13
4.647237517e+00 1.979958725e-10 4.087980882e-11 3.946246273e-11 2.092560747e-14 1.582976304e-10 2.148537144e-13
5.018276805e+00 1.844896766e-10 3.849239521e-11 3.731000070e-11 1.435093875e-14 1.470228449e-10 1.424800146e-13
5.418940176e+00 1.663952827e-10 3.091878157e-11 3.006861166e-11 8.462753434e-15 1.362230794e-10 9.512882716e-14
5.851592842e+00 1.457211475e-10 2.369881396e-11 2.311028315e-11 4.704411809e-15 1.225443220e-10 6.183789740e-14
6.318788855e+00 1.295468245e-10 1.927268261e-11 1.883668468e-11 2.767520675e-15 1.106675944e-10 3.977788930e-14
6.823286184e+00 1.141429104e-10 1.532854413e-11 1.500962675e-11 1.586326386e-15 9.910640238e-11 2.529490321e-14
7.368062997e+00 1.049900756e-10 1.210755232e-11 1.185574886e-11 8.902957806e-16 9.311750574e-11 1.593073874e-14
7.956335242e+00 1.345258731e-10 9.173042812e-12 8.873806581e-12 4.749587184e-16 1.256375015e-10 1.408997942e-14
8.591575629e+00 2.168526032e-10 7.753078399e-12 7.274261656e-12 2.629127009e-16 2.095630490e-10 1.502961921e-14
9.277534134e+00 2.760438203e-10 6.026982283e-12 5.476848613e-12 0.000000000e+00 2.705531405e-10 1.383115614e-14
1.001826013e+01 2.456836025e-10 4.959715067e-12 4.517443690e-12 0.000000000e+00 2.411593282e-10 6.830629394e-15
1.081812631e+01 1.741093625e-10 3.911646882e-12 3.640519259e-12 0.000000000e+00 1.704677396e-10 1.103636802e-15
1.168185446e+01 1.155532503e-10 3.052299345e-12 2.899067046e-12 0.000000000e+00 1.126541717e-10 1.154199983e-17
1.261454339e+01 7.620537314e-11 2.448318566e-12 2.359302594e-12 0.000000000e+00 7.384607055e-11 0.000000000e+00
1.362169896e+01 5.268347242e-11 1.871480092e-12 1.820295241e-12 0.000000000e+00 5.086317718e-11 0.000000000e+00
1.470926668e+01 4.398167998e-11 1.522183031e-12 1.482411067e-12 0.000000000e+00 4.249926891e-11 0.000000000e+00
1.588366670e+01 4.347160183e-11 1.211218116e-12 1.174136227e-12 0.000000000e+00 4.229746560e-11 0.000000000e+00
1.715183178e+01 4.397255003e-11 9.278857523e-13 8.947393190e-13 0.000000000e+00 4.307781071e-11 0.000000000e+00
1.852124822e+01 3.947268771e-11 7.535009564e-13 7.252425218e-13 0.000000000e+00 3.874744518e-11 0.000000000e+00
2.000000000e+01 2.990280642e-11 5.805770745e-13 5.608980112e-13 0.000000000e+00 2.934190841e-11 0.000000000e+00
2.238721139e+01 1.898324457e-11 4.097696839e-13 3.983714751e-13 0.000000000e+00 1.858487309e-11 0.000000000e+00
2.660725060e+01 1.104944912e-11 2.597678954e-13 2.540212027e-13 0.000000000e+00 1.079542792e-11 0.000000000e+00
3.162277660e+01 5.979202301e-12 1.545904672e-13 1.518823823e-13 0.000000000e+00 5.827319918e-12 0.000000000e+00
3.758374043e+01 3.106379736e-12 9.057004125e-14 8.931846224e-14 0.000000000e+00 3.017061273e-12 0.000000000e+00
4.466835922e+01 1.519930466e-12 5.493714140e-14 5.436517390e-14 0.000000000e+00 1.465565292e-12 0.000000000e+00
5.308844442e+01 6.861120243e-13 3.258143022e-14 3.233569912e-14 0.000000000e+00 6.537763251e-13 0.000000000e+00
6.309573445e+01 3.174054826e-13 1.925888103e-14 1.915618729e-14 0.000000000e+00 2.982492953e-13 0.000000000e+00
7.498942093e+01 1.420953423e-13 1.144668321e-14 1.140418537e-14 0.000000000e+00 1.306911570e-13 0.000000000e+00
8.912509381e+01 6.191902643e-14 6.851096639e-15 6.833373728e-15 0.000000000e+00 5.508565270e-14 0.000000000e+00
1.059253725e+02 2.761155745e-14 3.991394748e-15 3.984176550e-15 0.000000000e+00 2.362738090e-14 0.000000000e+00
1.258925412e+02 1.292477594e-14 2.427272198e-15 2.424156565e-15 0.000000000e+00 1.050061938e-14 0.000000000e+00
1.496235656e+02 5.944199670e-15 1.414979468e-15 1.413686455e-15 0.000000000e+00 4.530513215e-15 0.000000000e+00
1.778279410e+02 2.711921671e-15 8.477684829e-16 8.472314542e-16 0.000000000e+00 1.864690216e-15 0.000000000e+00
2.113489040e+02 1.296722214e-15 5.199484893e-16 5.197171108e-16 0.000000000e+00 7.770051034e-16 0.000000000e+00
2.511886432e+02 6.446123329e-16 3.061896580e-16 3.060939207e-16 0.000000000e+00 3.385184122e-16 0.000000000e+00
2.985382619e+02 3.268044703e-16 1.836800491e-16 1.836394413e-16 0.000000000e+00 1.431650291e-16 0.000000000e+00
3.548133892e+02 1.717129972e-16 1.105564962e-16 1.105391834e-16 0.000000000e+00 6.117381380e-17 0.000000000e+00
4.216965034e+02 9.032588921e-17 6.452284167e-17 6.451569445e-17 0.000000000e+00 2.581019477e-17 0.000000000e+00
5.011872336e+02 4.996043404e-17 3.895638490e-17 3.895331734e-17 0.000000000e+00 1.100711670e-17 0.000000000e+00
5.956621435e+02 2.813784469e-17 2.336029796e-17 2.335899439e-17 0.000000000e+00 4.778850296e-18 0.000000000e+00
7.079457844e+02 1.589090625e-17 1.390661758e-17 1.390606693e-17 0.000000000e+00 1.984839313e-18 0.000000000e+00
8.413951416e+02 8.984270332e-18 8.146816511e-18 8.146586894e-18 0.000000000e+00 8.376834382e-19 0.000000000e+00
1.000000000e+03 3.118249592e-18 2.788923048e-18 2.788863131e-18 0.000000000e+00 3.293864609e-19 0.000000000e+00
