# column 1: wavelength (micron)
# column 2: total flux; lambda*F_lambda (W/m2)
# column 3: transparent flux; lambda*F_lambda (W/m2)
# column 4: direct primary flux; lambda*F_lambda (W/m2)
# column 5: scattered primary flux; lambda*F_lambda (W/m2)
# column 6: direct secondary flux; lambda*F_lambda (W/m2)
# column 7: scattered secondary flux; lambda*F_lambda (W/m2)
1.000000000e-03 3.407971697e-17 1.836433291e-28 9.806773802e-30 3.407971697e-17 0.000000000e+00 0.000000000e+00
1.188502227e-03 9.431555024e-17 4.302173164e-28 1.034229858e-29 9.431555024e-17 0.000000000e+00 0.000000000e+00
1.412537545e-03 1.267482473e-16 5.333321100e-28 4.015103214e-30 1.267482473e-16 0.000000000e+00 0.000000000e+00
1.678804018e-03 1.355161182e-15 6.532106222e-28 3.100377176e-30 1.355161182e-15 0.000000000e+00 0.000000000e+00
1.995262315e-03 1.027917275e-16 8.036755608e-28 7.759741947e-31 1.027917275e-16 0.000000000e+00 0.000000000e+00
2.371373706e-03 1.538322225e-16 9.910814510e-28 4.847576836e-31 1.538322225e-16 0.000000000e+00 0.000000000e+00
2.818382931e-03 9.666160704e-17 1.218508768e-27 6.495914319e-32 9.666160704e-17 0.000000000e+00 0.000000000e+00
3.349654392e-03 3.030853492e-17 1.496650893e-27 6.010954786e-33 3.030853492e-17 0.000000000e+00 0.000000000e+00
3.981071706e-03 3.204554079e-17 1.839432993e-27 2.360658931e-33 3.204554079e-17 0.000000000e+00 0.000000000e+00
4.731512590e-03 2.735887562e-14 2.268286170e-27 5.865025572e-32 2.735887562e-14 0.000000000e+00 0.000000000e+00
5.623413252e-03 7.310013231e-16 2.786051035e-27 2.952579945e-33 7.310013231e-16 0.000000000e+00 0.000000000e+00
6.683439176e-03 1.614403409e-15 3.433893867e-27 1.513690978e-34 1.614403409e-15 0.000000000e+00 0.000000000e+00
7.943282347e-03 2.374966601e-16 4.213177759e-27 1.364534249e-35 2.374966601e-16 0.000000000e+00 0.000000000e+00
9.440608763e-03 9.878220164e-17 5.188629073e-27 1.056224699e-36 9.878220164e-17 0.000000000e+00 0.000000000e+00
1.122018454e-02 3.801943768e-17 5.543976677e-27 2.452765767e-37 3.801943768e-17 0.000000000e+00 0.000000000e+00
1.333521432e-02 9.473070989e-18 5.554450679e-27 3.027593120e-38 9.473070989e-18 0.000000000e+00 0.000000000e+00
1.584893192e-02 2.741021797e-18 5.561417966e-27 2.988077461e-39 2.741021797e-18 0.000000000e+00 0.000000000e+00
1.883649089e-02 9.201340024e-20 5.556457811e-27 2.956930302e-40 9.201340024e-20 0.000000000e+00 0.000000000e+00
2.238721139e-02 2.837857459e-20 5.538347478e-27 3.568172419e-41 2.837857459e-20 0.000000000e+00 0.000000000e+00
2.660725060e-02 2.337091696e-22 5.535302174e-27 2.447873217e-42 2.337091696e-22 0.000000000e+00 0.000000000e+00
3.162277660e-02 1.716553183e-24 5.545799246e-27 1.402124129e-43 1.716553183e-24 0.000000000e+00 0.000000000e+00
3.758374043e-02 7.150096597e-26 5.550344132e-27 1.471036570e-44 7.150096597e-26 0.000000000e+00 0.000000000e+00
4.466835922e-02 4.806568132e-27 5.553481718e-27 1.150043042e-45 4.806568132e-27 0.000000000e+00 0.000000000e+00
5.308844442e-02 5.997786593e-30 5.546860488e-27 4.280632600e-48 5.997786593e-30 0.000000000e+00 0.000000000e+00
6.309573445e-02 8.970210232e-34 5.552258982e-27 1.923770779e-52 8.970210232e-34 0.000000000e+00 0.000000000e+00
7.498942093e-02 3.062367246e-46 5.554589102e-27 8.988610879e-63 3.062367246e-46 0.000000000e+00 0.000000000e+00
8.912509381e-02 1.030519799e-44 5.567785421e-27 1.928774442e-61 1.030519799e-44 2.343319092e-68 9.541472101e-68
1.059253725e-01 5.976572861e-37 5.374628069e-27 2.183020527e-54 5.976572861e-37 9.556565728e-57 1.078013967e-54
1.258925412e-01 2.150550616e-31 4.948739386e-27 8.674716063e-49 2.150550616e-31 2.509758287e-47 1.359639425e-46
1.496235656e-01 2.387378124e-27 4.544811336e-27 7.322115978e-45 2.387378124e-27 1.166685456e-40 2.525741602e-39
1.778279410e-01 3.711031835e-26 4.152749709e-27 3.722504231e-44 3.711031835e-26 1.497618368e-38 7.006169409e-37
2.113489040e-01 1.352062786e-28 3.830306916e-27 1.058924048e-46 1.352062786e-28 8.188512752e-40 1.908415876e-38
2.511886432e-01 7.810202638e-25 3.491448536e-27 5.264397684e-43 7.810200841e-25 4.331627176e-33 1.753394124e-31
2.985382619e-01 1.950779626e-20 3.217715853e-27 2.205897555e-40 1.950779143e-20 5.177266465e-29 4.772910150e-27
3.548133892e-01 1.069964853e-19 2.944868419e-27 1.841605376e-38 1.069855988e-19 7.600606147e-26 1.081047893e-23
4.216965034e-01 2.600778836e-18 2.701643583e-27 9.345233528e-37 2.590099875e-18 3.742248027e-23 1.064153846e-20
5.011872336e-01 5.145677614e-17 2.475885711e-27 3.695464762e-35 4.953321320e-17 9.772905501e-21 1.913790032e-18
5.956621435e-01 7.507769283e-16 2.273192933e-27 9.176655095e-34 6.691554130e-16 1.198475220e-18 8.042304008e-17
7.079457844e-01 8.106239191e-15 2.097133149e-27 1.530794250e-32 5.524902073e-15 7.059105443e-17 2.510746063e-15
8.413951416e-01 7.115013157e-14 1.904133189e-27 1.842931736e-31 3.098624794e-14 2.508501736e-15 3.765538189e-14
1.000000000e+00 3.727782190e-13 1.827188528e-27 1.140159902e-30 1.024739878e-13 3.120417765e-14 2.391000535e-13
1.079840827e+00 9.814535146e-13 1.706235066e-27 3.235395440e-30 1.948769905e-13 1.330019800e-13 6.535745441e-13
1.166056212e+00 2.064796538e-12 1.631111109e-27 6.884565395e-30 3.083475789e-13 4.003539745e-13 1.356094985e-12
1.259155105e+00 4.119128551e-12 1.554450954e-27 1.357912925e-29 4.421199817e-13 1.079521311e-12 2.597487258e-12
1.359687090e+00 7.644218127e-12 1.501037238e-27 2.492425463e-29 6.074743599e-13 2.585237225e-12 4.451506542e-12
1.468245632e+00 1.359456923e-11 1.457031141e-27 4.254883807e-29 7.865448345e-13 5.666165751e-12 7.141858642e-12
1.585471577e+00 2.244319215e-11 1.386967200e-27 6.694092093e-29 9.491982467e-13 1.108784558e-11 1.040614833e-11
1.712056940e+00 3.524387153e-11 1.334733024e-27 1.005353178e-28 1.097509035e-12 2.010168177e-11 1.404468072e-11
1.848748982e+00 5.243072201e-11 1.294833843e-27 1.443648107e-28 1.198022735e-12 3.371377515e-11 1.751892413e-11
1.996354630e+00 7.314707842e-11 1.251322784e-27 1.959952821e-28 1.235106533e-12 5.200783222e-11 1.990413966e-11
2.155745235e+00 9.764312014e-11 1.196229636e-27 2.497566389e-28 1.181673845e-12 7.525680481e-11 2.120464148e-11
2.327861718e+00 1.227835320e-10 1.147606160e-27 3.049349917e-28 1.077916351e-12 1.007685297e-10 2.093708597e-11
2.513720123e+00 1.492828178e-10 1.109502959e-27 3.602408457e-28 9.443722192e-13 1.286849554e-10 1.965349014e-11
2.714417617e+00 1.740217417e-10 1.065568303e-27 4.086860994e-28 7.947253179e-13 1.558217420e-10 1.740527435e-11
2.931138964e+00 1.975308317e-10 1.034413733e-27 4.558195634e-28 6.545466834e-13 1.819679033e-10 1.490838167e-11
3.165163524e+00 2.175341379e-10 9.836325715e-28 4.863819908e-28 5.151514839e-13 2.047407672e-10 1.227821928e-11
3.417872798e+00 2.348634985e-10 9.548723404e-28 5.194813258e-28 4.069156529e-13 2.245790606e-10 9.877522267e-12
3.690758589e+00 2.472973572e-10 9.214130115e-28 5.436622271e-28 3.145375777e-13 2.392936810e-10 7.689138550e-12
3.985431808e+00 2.583013920e-10 8.832244986e-28 5.577892197e-28 2.384387504e-13 2.521418244e-10 5.921128927e-12
4.303631980e+00 2.657287240e-10 8.467874799e-28 5.666157961e-28 1.787720024e-13 2.610754354e-10 4.474516635e-12
4.647237517e+00 2.658393519e-10 8.177608744e-28 5.746385487e-28 1.333662669e-13 2.624352542e-10 3.270731402e-12
5.018276805e+00 2.633668381e-10 7.603914314e-28 5.564784301e-28 9.464811455e-14 2.609208881e-10 2.351301889e-12
5.418940176e+00 2.575360526e-10 6.192416161e-28 4.686580224e-28 5.852009192e-14 2.558053820e-10 1.672150464e-12
5.851592842e+00 2.481149142e-10 4.927891818e-28 3.832874546e-28 3.496813750e-14 2.469098869e-10 1.170059093e-12
6.318788855e+00 2.346991007e-10 3.865960883e-28 3.075092077e-28 2.044730368e-14 2.338803643e-10 7.982891898e-13
6.823286184e+00 2.228188287e-10 3.096515752e-28 2.509398083e-28 1.206762058e-14 2.222633967e-10 5.433644393e-13
7.368062997e+00 2.123685587e-10 2.464742192e-28 1.997761203e-28 6.831029692e-15 2.119967646e-10 3.649631221e-13
7.956335242e+00 2.296263711e-10 1.942249012e-28 1.398339579e-28 3.306956662e-15 2.293531669e-10 2.698972402e-13
8.591575629e+00 2.541902416e-10 1.548307366e-28 8.216250410e-29 1.373652690e-15 2.539781420e-10 2.107259769e-13
9.277534134e+00 2.530622818e-10 1.236021932e-28 4.771295707e-29 6.397974802e-16 2.528953278e-10 1.663142241e-13
1.001826013e+01 2.477674949e-10 9.731900662e-29 3.833186413e-29 4.394405306e-16 2.476291228e-10 1.379326465e-13
1.081812631e+01 2.305977692e-10 7.754810499e-29 3.792405767e-29 3.573483052e-16 2.304930753e-10 1.043365233e-13
1.168185446e+01 1.974260319e-10 6.173785742e-29 3.688087473e-29 2.677228929e-16 1.973575898e-10 6.817435952e-14
1.261454339e+01 1.616007752e-10 4.937716279e-29 3.411322817e-29 1.834253417e-16 1.615598477e-10 4.074408506e-14
1.362169896e+01 1.307466124e-10 3.920195276e-29 2.971049352e-29 1.138846862e-16 1.307239820e-10 2.251645507e-14
1.470926668e+01 1.177769101e-10 3.068200752e-29 2.354861102e-29 6.258320131e-17 1.177645118e-10 1.233580183e-14
1.588366670e+01 1.169041983e-10 2.469359772e-29 1.810179460e-29 1.491184669e-17 1.168983620e-10 5.821339370e-15
1.715183178e+01 1.154021586e-10 1.965869213e-29 1.366457727e-29 0.000000000e+00 1.154006351e-10 1.523459378e-15
1.852124822e+01 1.083508326e-10 1.548936732e-29 1.056884695e-29 0.000000000e+00 1.083506101e-10 2.225570919e-16
2.000000000e+01 8.974924708e-11 1.182906143e-29 8.383989897e-30 0.000000000e+00 8.974924403e-11 3.048980341e-18
2.238721139e+01 6.649263942e-11 8.307816777e-30 6.265494663e-30 0.000000000e+00 6.649263942e-11 0.000000000e+00
2.660725060e+01 4.467971607e-11 5.289316584e-30 4.229844863e-30 0.000000000e+00 4.467971607e-11 0.000000000e+00
3.162277660e+01 2.744237792e-11 3.127348775e-30 2.620510332e-30 0.000000000e+00 2.744237792e-11 0.000000000e+00
3.758374043e+01 1.571141333e-11 1.873449333e-30 1.630113270e-30 0.000000000e+00 1.571141333e-11 0.000000000e+00
4.466835922e+01 8.137635386e-12 1.111308167e-30 1.000712055e-30 0.000000000e+00 8.137635386e-12 0.000000000e+00
5.308844442e+01 3.972605585e-12 6.645338454e-31 6.160798646e-31 0.000000000e+00 3.972605585e-12 0.000000000e+00
6.309573445e+01 1.834546272e-12 3.955010975e-31 3.749428710e-31 0.000000000e+00 1.834546272e-12 0.000000000e+00
7.498942093e+01 8.229245887e-13 2.347681200e-31 2.261958261e-31 0.000000000e+00 8.229245887e-13 0.000000000e+00
8.912509381e+01 3.600964214e-13 1.410273103e-31 1.374264334e-31 0.000000000e+00 3.600964214e-13 0.000000000e+00
1.059253725e+02 1.565278554e-13 8.344186889e-32 8.194797435e-32 0.000000000e+00 1.565278554e-13 0.000000000e+00
1.258925412e+02 6.961072608e-14 4.956874668e-32 4.893652489e-32 0.000000000e+00 6.961072608e-14 0.000000000e+00
1.496235656e+02 3.051588082e-14 2.978992364e-32 2.951819718e-32 0.000000000e+00 3.051588082e-14 0.000000000e+00
1.778279410e+02 1.302580228e-14 1.769308032e-32 1.758128107e-32 0.000000000e+00 1.302580228e-14 0.000000000e+00
2.113489040e+02 5.541254591e-15 1.054521103e-32 1.049849512e-32 0.000000000e+00 5.541254591e-15 0.000000000e+00
2.511886432e+02 2.342755533e-15 6.254151810e-33 6.234616085e-33 0.000000000e+00 2.342755533e-15 0.000000000e+00
2.985382619e+02 1.018103997e-15 3.726106520e-33 3.717879074e-33 0.000000000e+00 1.018103997e-15 0.000000000e+00
3.548133892e+02 4.276797781e-16 2.214723716e-33 2.211259448e-33 0.000000000e+00 4.276797781e-16 0.000000000e+00
4.216965034e+02 1.843054624e-16 1.326017978e-33 1.324547277e-33 0.000000000e+00 1.843054624e-16 0.000000000e+00
5.011872336e+02 7.839205131e-17 7.862880585e-34 7.856694619e-34 0.000000000e+00 7.839205131e-17 0.000000000e+00
5.956621435e+02 3.336862214e-17 4.681679759e-34 4.679064096e-34 0.000000000e+00 3.336862214e-17 0.000000000e+00
7.079457844e+02 1.424641722e-17 2.782368990e-34 2.781265583e-34 0.000000000e+00 1.424641722e-17 0.000000000e+00
8.413951416e+02 6.010739343e-18 1.674865022e-34 1.674393528e-34 0.000000000e+00 6.010739343e-18 0.000000000e+00
1.000000000e+03 2.325818765e-18 5.620376287e-35 5.619169517e-35 0.000000000e+00 2.325818765e-18 0.000000000e+00
