# column 1: wavelength (micron)
# column 2: total flux; lambda*F_lambda (W/m2)
# column 3: transparent flux; lambda*F_lambda (W/m2)
# column 4: direct primary flux; lambda*F_lambda (W/m2)
# column 5: scattered primary flux; lambda*F_lambda (W/m2)
# column 6: direct secondary flux; lambda*F_lambda (W/m2)
# column 7: scattered secondary flux; lambda*F_lambda (W/m2)
1.000000000e-03 7.774299408e-12 9.005694807e-12 7.770743264e-12 3.556144544e-15 0.000000000e+00 0.000000000e+00
1.188502227e-03 1.746433319e-11 2.109493450e-11 1.746131920e-11 3.013991193e-15 0.000000000e+00 0.000000000e+00
1.412537545e-03 2.034203839e-11 2.597927447e-11 2.030223965e-11 3.979874720e-14 0.000000000e+00 0.000000000e+00
1.678804018e-03 2.467150758e-11 3.232483803e-11 2.465980034e-11 1.170723657e-14 0.000000000e+00 0.000000000e+00
1.995262315e-03 2.759505187e-10 3.918363093e-11 2.750410352e-11 2.484464151e-10 0.000000000e+00 0.000000000e+00
2.371373706e-03 3.301164018e-11 4.848883895e-11 3.290216565e-11 1.094745289e-13 0.000000000e+00 0.000000000e+00
2.818382931e-03 3.633240793e-11 5.963218013e-11 3.592413447e-11 4.082734615e-13 0.000000000e+00 0.000000000e+00
3.349654392e-03 3.942557788e-11 7.219113420e-11 3.832849358e-11 1.097084296e-12 0.000000000e+00 0.000000000e+00
3.981071706e-03 4.474432695e-11 9.040239639e-11 4.402819956e-11 7.161273875e-13 0.000000000e+00 0.000000000e+00
4.731512590e-03 7.418723450e-11 1.117182100e-10 6.499025778e-11 9.196976724e-12 0.000000000e+00 0.000000000e+00
5.623413252e-03 8.186107489e-11 1.369164356e-10 6.737963964e-11 1.448143525e-11 0.000000000e+00 0.000000000e+00
6.683439176e-03 9.596519259e-11 1.673584290e-10 7.060105860e-11 2.536413399e-11 0.000000000e+00 0.000000000e+00
7.943282347e-03 1.162426831e-10 2.050730534e-10 7.585239670e-11 4.039028641e-11 0.000000000e+00 0.000000000e+00
9.440608763e-03 1.531591066e-10 2.534191627e-10 8.216050303e-11 7.099860359e-11 0.000000000e+00 0.000000000e+00
1.122018454e-02 1.507482834e-10 2.725401018e-10 8.219459791e-11 6.855368546e-11 0.000000000e+00 0.000000000e+00
1.333521432e-02 1.329911994e-10 2.730939532e-10 7.398366663e-11 5.900753272e-11 0.000000000e+00 0.000000000e+00
1.584893192e-02 1.184121030e-10 2.722914338e-10 6.544823227e-11 5.296387073e-11 0.000000000e+00 0.000000000e+00
1.883649089e-02 1.238306852e-10 2.740547158e-10 5.899549743e-11 6.483518774e-11 0.000000000e+00 0.000000000e+00
2.238721139e-02 1.068248632e-10 2.695673891e-10 5.193471022e-11 5.489015296e-11 0.000000000e+00 0.000000000e+00
2.660725060e-02 9.309477752e-11 2.720088565e-10 4.567563141e-11 4.741914611e-11 0.000000000e+00 0.000000000e+00
3.162277660e-02 8.404795059e-11 2.756032391e-10 4.010818480e-11 4.393976579e-11 0.000000000e+00 0.000000000e+00
3.758374043e-02 7.287995511e-11 2.708220321e-10 3.562825034e-11 3.725170477e-11 0.000000000e+00 0.000000000e+00
4.466835922e-02 6.234112671e-11 2.722123122e-10 3.023883996e-11 3.210228675e-11 0.000000000e+00 0.000000000e+00
5.308844442e-02 4.604564260e-11 2.726757388e-10 2.188583985e-11 2.415980275e-11 0.000000000e+00 0.000000000e+00
6.309573445e-02 2.339831098e-11 2.702116653e-10 1.002473723e-11 1.337357375e-11 0.000000000e+00 0.000000000e+00
7.498942093e-02 9.228322529e-12 2.742129591e-10 3.926403990e-12 5.301918540e-12 0.000000000e+00 0.000000000e+00
8.912509381e-02 1.068612111e-11 2.745633548e-10 4.920896523e-12 5.765224592e-12 8.153523837e-36 2.881120612e-36
1.059253725e-01 1.825230432e-11 2.649366708e-10 8.651649180e-12 9.600655139e-12 1.213602254e-30 4.414561679e-31
1.258925412e-01 3.242397278e-11 2.409018042e-10 1.656799093e-11 1.585598185e-11 4.131188646e-27 9.681887270e-27
1.496235656e-01 4.591204742e-11 2.225637447e-10 2.616428575e-11 1.974776167e-11 3.243838729e-24 2.137795726e-24
1.778279410e-01 4.846355829e-11 2.024128179e-10 2.789151030e-11 2.057204799e-11 5.445801493e-22 4.273485890e-22
2.113489040e-01 3.272870611e-11 1.858901379e-10 1.779031610e-11 1.493838993e-11 2.394764870e-20 5.241344466e-20
2.511886432e-01 4.194348805e-11 1.698275585e-10 2.383645795e-11 1.810702606e-11 1.707989859e-18 2.329789261e-18
2.985382619e-01 5.260458373e-11 1.569954741e-10 3.282391096e-11 1.978049991e-11 8.541073958e-17 8.744823386e-17
3.548133892e-01 5.715598697e-11 1.442023496e-10 3.840522587e-11 1.874813364e-11 1.245793256e-15 1.381666908e-15
4.216965034e-01 5.993052910e-11 1.314782228e-10 4.295267597e-11 1.694990890e-11 1.595814463e-14 1.198608886e-14
5.011872336e-01 6.288886276e-11 1.212561389e-10 4.803195961e-11 1.470334331e-11 9.909203234e-14 5.446781476e-14
5.956621435e-01 6.512667257e-11 1.113961296e-10 5.234445089e-11 1.204449423e-11 4.927325061e-13 2.449949463e-13
7.079457844e-01 6.757332423e-11 1.024853540e-10 5.590804834e-11 9.412031185e-12 1.656079590e-12 5.971651176e-13
8.413951416e-01 7.055015045e-11 9.259290204e-11 5.762343560e-11 6.800486720e-12 4.844289419e-12 1.281938718e-12
1.000000000e+00 7.753689251e-11 8.740834313e-11 6.015733821e-11 5.006843314e-12 1.033108341e-11 2.041627567e-12
1.079840827e+00 8.253839764e-11 8.235918200e-11 6.007420396e-11 3.763199384e-12 1.608229052e-11 2.618703775e-12
1.166056212e+00 8.869927975e-11 8.047357505e-11 6.112327283e-11 3.129265873e-12 2.160892848e-11 2.837812575e-12
1.259155105e+00 9.325504873e-11 7.523145466e-11 5.930882874e-11 2.420612622e-12 2.850507326e-11 3.020534104e-12
1.359687090e+00 1.018340886e-10 7.229475281e-11 5.884783502e-11 1.884588994e-12 3.784023896e-11 3.261425661e-12
1.468245632e+00 1.132857866e-10 7.299989434e-11 6.112763614e-11 1.549042888e-12 4.735901998e-11 3.250087588e-12
1.585471577e+00 1.233873308e-10 6.842130874e-11 5.877605511e-11 1.170125042e-12 6.016967293e-11 3.271477716e-12
1.712056940e+00 1.329595057e-10 6.612547122e-11 5.807618762e-11 8.948071785e-13 7.099264647e-11 2.995864435e-12
1.848748982e+00 1.443645445e-10 6.329044977e-11 5.669974276e-11 6.638641598e-13 8.430728847e-11 2.693649137e-12
1.996354630e+00 1.532501419e-10 6.044917328e-11 5.508247907e-11 4.841016585e-13 9.539835633e-11 2.285204865e-12
2.155745235e+00 1.676327492e-10 5.834013938e-11 5.393703633e-11 3.511293222e-13 1.113845169e-10 1.960066710e-12
2.327861718e+00 1.775505726e-10 5.658403896e-11 5.294719582e-11 2.526692271e-13 1.227841384e-10 1.566569229e-12
2.513720123e+00 1.845325886e-10 5.444622080e-11 5.146437918e-11 1.777866493e-13 1.316707684e-10 1.219654286e-12
2.714417617e+00 1.887090112e-10 5.219838260e-11 4.975634561e-11 1.243441643e-13 1.379130583e-10 9.152631621e-13
2.931138964e+00 1.967221458e-10 5.150279736e-11 4.943481296e-11 8.969451007e-14 1.464990796e-10 6.985587451e-13
3.165163524e+00 1.928392462e-10 4.893866494e-11 4.724395417e-11 6.236450806e-14 1.450359307e-10 4.969968065e-13
3.417872798e+00 1.940441053e-10 4.657327942e-11 4.517606111e-11 4.327286963e-14 1.484579051e-10 3.668661918e-13
3.690758589e+00 1.877818585e-10 4.463519299e-11 4.347195933e-11 3.021575307e-14 1.440244297e-10 2.552537398e-13
3.985431808e+00 1.790638854e-10 4.221967750e-11 4.125952562e-11 2.085148637e-14 1.376082324e-10 1.752759223e-13
4.303631980e+00 1.711953394e-10 4.168661382e-11 4.085633200e-11 1.502403773e-14 1.302048082e-10 1.191751972e-13
4.647237517e+00 1.606280210e-10 4.051769376e-11 3.980826933e-11 1.063815963e-14 1.207293345e-10 7.977902674e-14
5.018276805e+00 1.464760858e-10 3.779605351e-11 3.721000784e-11 7.231586067e-15 1.092068352e-10 5.201111104e-14
5.418940176e+00 1.280594285e-10 3.015895553e-11 2.974177793e-11 4.191250852e-15 9.827999134e-11 3.346794720e-14
5.851592842e+00 1.137515589e-10 2.418391660e-11 2.388160578e-11 2.442942108e-15 8.984585102e-11 2.165919122e-14
6.318788855e+00 9.895428871e-11 1.964859828e-11 1.942490745e-11 1.435374046e-15 7.951459258e-11 1.335330950e-14
6.823286184e+00 8.444615349e-11 1.519977133e-11 1.504077305e-11 7.972026229e-16 6.939707227e-11 7.510979867e-15
7.368062997e+00 7.948641059e-11 1.229547727e-11 1.216672227e-11 1.980515297e-16 6.731593514e-11 3.555133904e-15
7.956335242e+00 1.049226133e-10 9.509170954e-12 9.352990671e-12 0.000000000e+00 9.556840509e-11 1.217568458e-15
8.591575629e+00 1.693813589e-10 7.450158402e-12 7.215454332e-12 0.000000000e+00 1.621656522e-10 2.523823691e-16
9.277534134e+00 2.149645267e-10 6.112112327e-12 5.826616871e-12 0.000000000e+00 2.091378901e-10 1.967628178e-17
1.001826013e+01 1.890303945e-10 4.837815345e-12 4.616928645e-12 0.000000000e+00 1.844134658e-10 0.000000000e+00
1.081812631e+01 1.347019097e-10 3.797808884e-12 3.663785463e-12 0.000000000e+00 1.310381243e-10 0.000000000e+00
1.168185446e+01 8.674612295e-11 3.026593817e-12 2.949321077e-12 0.000000000e+00 8.379680188e-11 0.000000000e+00
1.261454339e+01 5.570185050e-11 2.412959336e-12 2.368669118e-12 0.000000000e+00 5.333318138e-11 0.000000000e+00
1.362169896e+01 3.716963263e-11 1.931653974e-12 1.905007450e-12 0.000000000e+00 3.526462518e-11 0.000000000e+00
1.470926668e+01 3.126767878e-11 1.520221426e-12 1.500231610e-12 0.000000000e+00 2.976744717e-11 0.000000000e+00
1.588366670e+01 3.029115972e-11 1.170338921e-12 1.152268404e-12 0.000000000e+00 2.913889132e-11 0.000000000e+00
1.715183178e+01 3.003290354e-11 9.679532436e-13 9.505009372e-13 0.000000000e+00 2.908240260e-11 0.000000000e+00
1.852124822e+01 2.613591230e-11 7.764197726e-13 7.617133878e-13 0.000000000e+00 2.537419891e-11 0.000000000e+00
2.000000000e+01 1.974470876e-11 5.767154747e-13 5.668725821e-13 0.000000000e+00 1.917783618e-11 0.000000000e+00
2.238721139e+01 1.257844694e-11 4.066950115e-13 4.009938416e-13 0.000000000e+00 1.217745309e-11 0.000000000e+00
2.660725060e+01 7.066726178e-12 2.574663612e-13 2.546076964e-13 0.000000000e+00 6.812118482e-12 0.000000000e+00
3.162277660e+01 3.738442588e-12 1.561428929e-13 1.547671621e-13 0.000000000e+00 3.583675426e-12 0.000000000e+00
3.758374043e+01 1.926952313e-12 9.263031282e-14 9.198836675e-14 0.000000000e+00 1.834963946e-12 0.000000000e+00
4.466835922e+01 9.186792503e-13 5.268187119e-14 5.240672789e-14 0.000000000e+00 8.662725225e-13 0.000000000e+00
5.308844442e+01 4.263783206e-13 3.187577659e-14 3.175522036e-14 0.000000000e+00 3.946231003e-13 0.000000000e+00
6.309573445e+01 1.928975288e-13 1.947097159e-14 1.941907921e-14 0.000000000e+00 1.734784496e-13 0.000000000e+00
7.498942093e+01 8.731790234e-14 1.157913143e-14 1.155757772e-14 0.000000000e+00 7.576032462e-14 0.000000000e+00
8.912509381e+01 3.834945853e-14 6.735310915e-15 6.726607819e-15 0.000000000e+00 3.162285071e-14 0.000000000e+00
1.059253725e+02 1.803065646e-14 4.143371594e-15 4.139625297e-15 0.000000000e+00 1.389103116e-14 0.000000000e+00
1.258925412e+02 8.330500739e-15 2.442277856e-15 2.440707968e-15 0.000000000e+00 5.889792771e-15 0.000000000e+00
1.496235656e+02 4.050856598e-15 1.437069220e-15 1.436410945e-15 0.000000000e+00 2.614445652e-15 0.000000000e+00
1.778279410e+02 1.959913704e-15 8.704050800e-16 8.701290079e-16 0.000000000e+00 1.089784696e-15 0.000000000e+00
2.113489040e+02 9.606796542e-16 5.114998350e-16 5.113860749e-16 0.000000000e+00 4.492935793e-16 0.000000000e+00
2.511886432e+02 4.983817990e-16 3.030797944e-16 3.030324197e-16 0.000000000e+00 1.953493794e-16 0.000000000e+00
2.985382619e+02 2.614432941e-16 1.788802863e-16 1.788604953e-16 0.000000000e+00 8.258279879e-17 0.000000000e+00
3.548133892e+02 1.463895517e-16 1.113194542e-16 1.113107235e-16 0.000000000e+00 3.507882818e-17 0.000000000e+00
4.216965034e+02 8.058729909e-17 6.574810769e-17 6.574444611e-17 0.000000000e+00 1.484285299e-17 0.000000000e+00
5.011872336e+02 4.533100220e-17 3.913094558e-17 3.912940478e-17 0.000000000e+00 6.201597412e-18 0.000000000e+00
5.956621435e+02 2.600527262e-17 2.336601000e-17 2.336535575e-17 0.000000000e+00 2.639916866e-18 0.000000000e+00
7.079457844e+02 1.500321066e-17 1.386847995e-17 1.386820490e-17 0.000000000e+00 1.135005757e-18 0.000000000e+00
8.413951416e+02 8.812302430e-18 8.332567010e-18 8.332449686e-18 0.000000000e+00 4.798527446e-19 0.000000000e+00
1.000000000e+03 2.933418881e-18 2.745478809e-18 2.745449320e-18 0.000000000e+00 1.879695614e-19 0.000000000e+00
