# column 1: wavelength (micron)
# column 2: total flux; lambda*F_lambda (W/m2)
# column 3: transparent flux; lambda*F_lambda (W/m2)
# column 4: direct primary flux; lambda*F_lambda (W/m2)
# column 5: scattered primary flux; lambda*F_lambda (W/m2)
# column 6: direct secondary flux; lambda*F_lambda (W/m2)
# column 7: scattered secondary flux; lambda*F_lambda (W/m2)
1.000000000e-03 1.670371419e-17 1.877725750e-28 1.017612598e-29 1.670371419e-17 0.000000000e+00 0.000000000e+00
1.188502227e-03 7.458910642e-17 4.038110101e-28 9.977403334e-30 7.458910642e-17 0.000000000e+00 0.000000000e+00
1.412537545e-03 1.184652407e-16 5.331164726e-28 4.049956418e-30 1.184652407e-16 0.000000000e+00 0.000000000e+00
1.678804018e-03 7.217750997e-17 6.540636481e-28 3.066154606e-30 7.217750997e-17 0.000000000e+00 0.000000000e+00
1.995262315e-03 6.298090071e-17 7.994314622e-28 7.545451351e-31 6.298090071e-17 0.000000000e+00 0.000000000e+00
2.371373706e-03 9.289651814e-17 9.988954443e-28 4.902307922e-31 9.289651814e-17 0.000000000e+00 0.000000000e+00
2.818382931e-03 5.143251219e-17 1.153730293e-27 6.200010849e-32 5.143251219e-17 0.000000000e+00 0.000000000e+00
3.349654392e-03 1.912820032e-17 1.569242623e-27 6.186749399e-33 1.912820032e-17 0.000000000e+00 0.000000000e+00
3.981071706e-03 3.069919879e-17 1.820665282e-27 2.114663811e-33 3.069919879e-17 0.000000000e+00 0.000000000e+00
4.731512590e-03 7.978570866e-16 2.253552003e-27 5.789041153e-32 7.978570866e-16 0.000000000e+00 0.000000000e+00
5.623413252e-03 2.919986826e-16 2.816788090e-27 2.998984910e-33 2.919986826e-16 0.000000000e+00 0.000000000e+00
6.683439176e-03 6.557935292e-17 3.301171559e-27 1.422494143e-34 6.557935292e-17 0.000000000e+00 0.000000000e+00
7.943282347e-03 7.533283670e-17 4.174610685e-27 1.397059242e-35 7.533283670e-17 0.000000000e+00 0.000000000e+00
9.440608763e-03 7.220883716e-18 5.040305943e-27 1.027075942e-36 7.220883716e-18 0.000000000e+00 0.000000000e+00
1.122018454e-02 2.959226982e-18 5.506925474e-27 2.499945568e-37 2.959226982e-18 0.000000000e+00 0.000000000e+00
1.333521432e-02 5.973849923e-19 5.506925474e-27 3.070256829e-38 5.973849923e-19 0.000000000e+00 0.000000000e+00
1.584893192e-02 4.273577959e-17 5.576136937e-27 3.061534099e-39 4.273577959e-17 0.000000000e+00 0.000000000e+00
1.883649089e-02 1.011290180e-17 5.463091546e-27 2.957145497e-40 1.011290180e-17 0.000000000e+00 0.000000000e+00
2.238721139e-02 1.536858932e-21 5.548452352e-27 3.630996402e-41 1.536858932e-21 0.000000000e+00 0.000000000e+00
2.660725060e-02 4.703919514e-24 5.472319742e-27 2.576892651e-42 4.703919514e-24 0.000000000e+00 0.000000000e+00
3.162277660e-02 4.709000572e-25 5.610742669e-27 1.472091310e-43 4.709000572e-25 0.000000000e+00 0.000000000e+00
3.758374043e-02 2.536765615e-26 5.516153669e-27 1.527825095e-44 2.536765615e-26 0.000000000e+00 0.000000000e+00
4.466835922e-02 9.691879800e-28 5.444635156e-27 1.159781249e-45 9.691879800e-28 0.000000000e+00 0.000000000e+00
5.308844442e-02 3.096252353e-30 5.636120206e-27 4.693317118e-48 3.096252353e-30 0.000000000e+00 0.000000000e+00
6.309573445e-02 1.146603272e-35 5.518460718e-27 1.917743690e-52 1.146603272e-35 0.000000000e+00 0.000000000e+00
7.498942093e-02 6.468613720e-47 5.430792863e-27 1.016554807e-62 6.468613720e-47 0.000000000e+00 0.000000000e+00
8.912509381e-02 5.418899089e-45 5.640734304e-27 2.195432433e-61 5.418899089e-45 2.042507086e-68 5.712491776e-71
1.059253725e-01 6.956332466e-38 5.398821588e-27 2.384703586e-54 6.956332466e-38 1.573314872e-56 1.674356176e-58
1.258925412e-01 5.642071167e-32 5.047250374e-27 9.378185501e-49 5.642071167e-32 4.165801878e-47 7.458192149e-48
1.496235656e-01 1.154680465e-26 4.323617948e-27 7.530352558e-45 1.154680465e-26 8.024705367e-40 1.390089298e-40
1.778279410e-01 3.718229955e-27 4.227509701e-27 3.958832213e-44 3.718229954e-27 1.103617991e-38 1.522495396e-38
2.113489040e-01 2.698295817e-29 3.923618577e-27 1.112406879e-46 2.698295817e-29 7.130124851e-40 5.058746084e-39
2.511886432e-01 2.499146186e-25 3.473060940e-27 5.441830690e-43 2.499145804e-25 3.349395906e-33 3.480008695e-32
2.985382619e-01 4.512054732e-22 3.309639940e-27 2.416847021e-40 4.512044975e-22 8.129169589e-29 8.943424915e-28
3.548133892e-01 1.464879778e-20 2.939454817e-27 1.932999127e-38 1.464333151e-20 6.051296762e-26 5.405750673e-24
4.216965034e-01 7.410657772e-19 2.677503163e-27 9.464796644e-37 7.396775376e-19 2.220722976e-23 1.366032377e-21
5.011872336e-01 4.387786351e-17 2.618643475e-27 4.008972307e-35 4.037010594e-17 1.282145332e-20 3.494936121e-18
5.956621435e-01 6.975832504e-16 2.354760885e-27 9.875192271e-34 6.758851549e-16 9.456077718e-19 2.075248776e-17
7.079457844e-01 7.321924328e-15 2.123520808e-27 1.527853635e-32 4.988121350e-15 6.429452266e-17 2.269508456e-15
8.413951416e-01 7.209222781e-14 1.780504943e-27 1.768735296e-31 2.895866761e-14 2.541385739e-15 4.059217446e-14
1.000000000e+00 3.464398849e-13 1.771398337e-27 1.123413604e-30 1.033410321e-13 3.047225723e-14 2.126265956e-13
1.079840827e+00 9.902390273e-13 1.677021285e-27 3.257068345e-30 1.919853204e-13 1.324462768e-13 6.658074302e-13
1.166056212e+00 2.266940919e-12 1.684626433e-27 7.164584158e-30 3.263865363e-13 3.969546689e-13 1.543599714e-12
1.259155105e+00 4.103284184e-12 1.543081996e-27 1.361564029e-29 4.396324845e-13 1.052651316e-12 2.611000384e-12
1.359687090e+00 7.708985709e-12 1.473128422e-27 2.483867688e-29 5.964658635e-13 2.695156557e-12 4.417363288e-12
1.468245632e+00 1.385879269e-11 1.397392789e-27 4.078216262e-29 7.661317431e-13 5.779084716e-12 7.313576236e-12
1.585471577e+00 2.129739649e-11 1.331053597e-27 6.460143551e-29 9.222570013e-13 1.041584125e-11 9.959298235e-12
1.712056940e+00 3.704741565e-11 1.278664088e-27 9.660320624e-29 1.049587974e-12 2.118904669e-11 1.480878099e-11
1.848748982e+00 5.115134292e-11 1.387163189e-27 1.542111158e-28 1.232129735e-12 3.286434394e-11 1.705486924e-11
1.996354630e+00 7.471154113e-11 1.278410075e-27 2.004714788e-28 1.250636008e-12 5.312904985e-11 2.033185528e-11
2.155745235e+00 1.000989581e-10 1.197468550e-27 2.511536691e-28 1.242062175e-12 7.701257507e-11 2.184432086e-11
2.327861718e+00 1.185173178e-10 1.125306131e-27 2.991080342e-28 1.070758346e-12 9.735489064e-11 2.009166886e-11
2.513720123e+00 1.557395556e-10 1.080632769e-27 3.506662576e-28 9.059609599e-13 1.343771421e-10 2.045645255e-11
2.714417617e+00 1.723504962e-10 1.025917984e-27 3.958318166e-28 7.614272540e-13 1.542134176e-10 1.737565134e-11
2.931138964e+00 2.076557546e-10 1.006566324e-27 4.431121498e-28 6.354405132e-13 1.915129700e-10 1.550734404e-11
3.165163524e+00 2.248880595e-10 9.765657351e-28 4.827048560e-28 5.083222685e-13 2.117389302e-10 1.264080705e-11
3.417872798e+00 2.333291921e-10 9.217514112e-28 5.017457749e-28 3.915072905e-13 2.231071370e-10 9.830547787e-12
3.690758589e+00 2.456783027e-10 1.073432177e-27 6.325652887e-28 3.683585513e-13 2.376527480e-10 7.657196120e-12
3.985431808e+00 2.707124640e-10 8.812749005e-28 5.570258385e-28 2.395653925e-13 2.642061544e-10 6.266744224e-12
4.303631980e+00 2.609247220e-10 8.774249935e-28 5.871989076e-28 1.864936909e-13 2.564241520e-10 4.314076352e-12
4.647237517e+00 2.745591624e-10 8.189550463e-28 5.755986734e-28 1.337667714e-13 2.710883762e-10 3.337019392e-12
5.018276805e+00 2.708833816e-10 7.526145328e-28 5.511480794e-28 9.396971363e-14 2.683913213e-10 2.398090612e-12
5.418940176e+00 2.595968852e-10 6.243430141e-28 4.721291458e-28 5.919752644e-14 2.578620930e-10 1.675594688e-12
5.851592842e+00 2.437602868e-10 5.061170896e-28 3.937832418e-28 3.600677315e-14 2.425738489e-10 1.150431045e-12
6.318788855e+00 2.380800313e-10 3.943406008e-28 3.137251090e-28 2.080924645e-14 2.372583966e-10 8.008255298e-13
6.823286184e+00 2.228340304e-10 3.118988930e-28 2.528000201e-28 1.214356963e-14 2.222878358e-10 5.340509982e-13
7.368062997e+00 2.091872206e-10 2.437556309e-28 1.976383586e-28 6.820032535e-15 2.088179898e-10 3.624107643e-13
7.956335242e+00 2.247691068e-10 1.996883803e-28 1.441049306e-28 3.402041275e-15 2.245046086e-10 2.610961045e-13
8.591575629e+00 2.501128282e-10 1.686142076e-28 8.946630659e-29 1.485592006e-15 2.499068949e-10 2.044477266e-13
9.277534134e+00 2.558426415e-10 1.084619290e-28 4.185092436e-29 5.547139884e-16 2.556732894e-10 1.687974516e-13
1.001826013e+01 2.400421686e-10 1.003830196e-28 3.953975738e-29 4.527545161e-16 2.399083317e-10 1.333840789e-13
1.081812631e+01 2.282949626e-10 8.066560809e-29 3.948060992e-29 3.745122914e-16 2.281910761e-10 1.035119743e-13
1.168185446e+01 1.963089910e-10 6.374242016e-29 3.810194914e-29 2.780946260e-16 1.962409387e-10 6.777427462e-14
1.261454339e+01 1.589601051e-10 5.199149146e-29 3.592315030e-29 1.930373094e-16 1.589190336e-10 4.087846748e-14
1.362169896e+01 1.245331234e-10 4.040374463e-29 3.060573980e-29 1.183275658e-16 1.245116054e-10 2.139973432e-14
1.470926668e+01 1.162039781e-10 3.043018602e-29 2.335736997e-29 6.172834333e-17 1.161920356e-10 1.188078436e-14
1.588366670e+01 1.089605117e-10 2.660746310e-29 1.953940668e-29 1.656248702e-17 1.089550453e-10 5.449863841e-15
1.715183178e+01 1.082521168e-10 1.886757612e-29 1.313329592e-29 0.000000000e+00 1.082507328e-10 1.383981318e-15
1.852124822e+01 1.047849130e-10 1.700970595e-29 1.160664588e-29 0.000000000e+00 1.047847070e-10 2.060171342e-16
2.000000000e+01 8.653783181e-11 1.280837883e-29 9.085132357e-30 0.000000000e+00 8.653782678e-11 5.022168837e-18
2.238721139e+01 6.252276070e-11 7.958085680e-30 6.001782314e-30 0.000000000e+00 6.252276070e-11 0.000000000e+00
2.660725060e+01 4.305284748e-11 5.137778009e-30 4.108921473e-30 0.000000000e+00 4.305284748e-11 0.000000000e+00
3.162277660e+01 2.649125148e-11 3.209011538e-30 2.687921255e-30 0.000000000e+00 2.649125148e-11 0.000000000e+00
3.758374043e+01 1.506260959e-11 2.037175517e-30 1.772026558e-30 0.000000000e+00 1.506260959e-11 0.000000000e+00
4.466835922e+01 7.436469609e-12 1.111482377e-30 1.001190529e-30 0.000000000e+00 7.436469609e-12 0.000000000e+00
5.308844442e+01 4.261999201e-12 6.480140962e-31 6.007615327e-31 0.000000000e+00 4.261999201e-12 0.000000000e+00
6.309573445e+01 1.824420502e-12 4.057407300e-31 3.846522215e-31 0.000000000e+00 1.824420502e-12 0.000000000e+00
7.498942093e+01 8.893381174e-13 2.394204780e-31 2.306272542e-31 0.000000000e+00 8.893381174e-13 0.000000000e+00
8.912509381e+01 3.567527502e-13 1.442141849e-31 1.405102949e-31 0.000000000e+00 3.567527502e-13 0.000000000e+00
1.059253725e+02 1.512274673e-13 8.538988795e-32 8.385480107e-32 0.000000000e+00 1.512274673e-13 0.000000000e+00
1.258925412e+02 6.615788150e-14 4.823799681e-32 4.762094246e-32 0.000000000e+00 6.615788150e-14 0.000000000e+00
1.496235656e+02 2.881931310e-14 2.981803610e-32 2.954870103e-32 0.000000000e+00 2.881931310e-14 0.000000000e+00
1.778279410e+02 1.229172870e-14 1.729205454e-32 1.718329159e-32 0.000000000e+00 1.229172870e-14 0.000000000e+00
2.113489040e+02 5.021521376e-15 1.043837885e-32 1.039222606e-32 0.000000000e+00 5.021521376e-15 0.000000000e+00
2.511886432e+02 2.386413043e-15 6.488120248e-33 6.467772472e-33 0.000000000e+00 2.386413043e-15 0.000000000e+00
2.985382619e+02 1.021797494e-15 3.699413473e-33 3.691293539e-33 0.000000000e+00 1.021797494e-15 0.000000000e+00
3.548133892e+02 4.138670717e-16 2.196714549e-33 2.193274258e-33 0.000000000e+00 4.138670717e-16 0.000000000e+00
4.216965034e+02 1.733939259e-16 1.337927846e-33 1.336447558e-33 0.000000000e+00 1.733939259e-16 0.000000000e+00
5.011872336e+02 7.809287933e-17 7.791005683e-34 7.784833068e-34 0.000000000e+00 7.809287933e-17 0.000000000e+00
5.956621435e+02 3.185733527e-17 4.652936661e-34 4.650340181e-34 0.000000000e+00 3.185733527e-17 0.000000000e+00
7.079457844e+02 1.298341655e-17 2.835636035e-34 2.834515486e-34 0.000000000e+00 1.298341655e-17 0.000000000e+00
8.413951416e+02 5.949136536e-18 1.749212611e-34 1.748722427e-34 0.000000000e+00 5.949136536e-18 0.000000000e+00
1.000000000e+03 2.194380836e-18 6.167017926e-35 6.165687716e-35 0.000000000e+00 2.194380836e-18 0.000000000e+00
