# column 1: wavelength (micron)
# column 2: total flux; lambda*F_lambda (W/m2)
# column 3: transparent flux; lambda*F_lambda (W/m2)
# column 4: direct primary flux; lambda*F_lambda (W/m2)
# column 5: scattered primary flux; lambda*F_lambda (W/m2)
# column 6: direct secondary flux; lambda*F_lambda (W/m2)
# column 7: scattered secondary flux; lambda*F_lambda (W/m2)
1.000000000e-03 3.565998153e-17 1.822124203e-28 1.357941466e-28 3.565998153e-17 0.000000000e+00 0.000000000e+00
1.188502227e-03 1.108409607e-16 4.267143360e-28 2.923777834e-28 1.108409607e-16 0.000000000e+00 0.000000000e+00
1.412537545e-03 2.597847208e-16 5.297438956e-28 3.236293084e-28 2.597847208e-16 0.000000000e+00 0.000000000e+00
1.678804018e-03 5.240189154e-16 6.543615584e-28 3.810398177e-28 5.240189154e-16 0.000000000e+00 0.000000000e+00
1.995262315e-03 9.567218725e-16 7.962810906e-28 3.927074279e-28 9.567218725e-16 0.000000000e+00 0.000000000e+00
2.371373706e-03 1.999175604e-15 9.838491463e-28 4.535262843e-28 1.999175604e-15 0.000000000e+00 0.000000000e+00
2.818382931e-03 5.793500184e-15 1.223380615e-27 4.457620084e-28 5.793500184e-15 0.000000000e+00 0.000000000e+00
3.349654392e-03 7.550812176e-15 1.483410131e-27 4.191702174e-28 7.550812176e-15 0.000000000e+00 0.000000000e+00
3.981071706e-03 1.480449182e-14 1.863847408e-27 4.432916579e-28 1.480449182e-14 0.000000000e+00 0.000000000e+00
4.731512590e-03 3.411918627e-14 2.256706217e-27 7.650007939e-28 3.411918627e-14 0.000000000e+00 0.000000000e+00
5.623413252e-03 7.279289946e-14 2.788540917e-27 6.781528818e-28 7.279289946e-14 0.000000000e+00 0.000000000e+00
6.683439176e-03 1.049621748e-12 3.425098855e-27 6.111894669e-28 1.049621748e-12 0.000000000e+00 0.000000000e+00
7.943282347e-03 3.288195438e-13 4.157175806e-27 5.707626266e-28 3.288195438e-13 0.000000000e+00 0.000000000e+00
9.440608763e-03 4.638761508e-13 5.187874041e-27 5.454964745e-28 4.638761508e-13 0.000000000e+00 0.000000000e+00
1.122018454e-02 8.483507913e-13 5.555142793e-27 5.061605082e-28 8.483507913e-13 0.000000000e+00 0.000000000e+00
1.333521432e-02 9.392272409e-13 5.594824033e-27 4.117955865e-28 9.392272409e-13 0.000000000e+00 0.000000000e+00
1.584893192e-02 1.616570754e-12 5.551220810e-27 3.220355982e-28 1.616570754e-12 0.000000000e+00 0.000000000e+00
1.883649089e-02 2.896506206e-12 5.624815667e-27 2.614482595e-28 2.896506206e-12 0.000000000e+00 0.000000000e+00
2.238721139e-02 2.635249561e-12 5.578443986e-27 2.076903807e-28 2.635249561e-12 0.000000000e+00 0.000000000e+00
2.660725060e-02 3.292158894e-12 5.612588308e-27 1.588616404e-28 3.292158894e-12 0.000000000e+00 0.000000000e+00
3.162277660e-02 2.846466246e-12 5.557219137e-27 1.182676277e-28 2.846466246e-12 0.000000000e+00 0.000000000e+00
3.758374043e-02 2.685628215e-12 5.522382700e-27 9.586439514e-29 2.685628215e-12 0.000000000e+00 0.000000000e+00
4.466835922e-02 3.015951971e-12 5.588364296e-27 6.961129160e-29 3.015951971e-12 0.000000000e+00 0.000000000e+00
5.308844442e-02 2.113631632e-12 5.586749362e-27 3.651454849e-29 2.113631632e-12 0.000000000e+00 0.000000000e+00
6.309573445e-02 7.092364072e-13 5.531149486e-27 8.570066778e-30 7.092364072e-13 0.000000000e+00 0.000000000e+00
7.498942093e-02 1.012495881e-13 5.589748525e-27 1.164917550e-30 1.012495881e-13 0.000000000e+00 0.000000000e+00
8.912509381e-02 1.310116372e-13 5.543607549e-27 1.804490433e-30 1.310116372e-13 3.705745302e-38 3.340723827e-37
1.059253725e-01 4.390929758e-13 5.374765880e-27 6.132255507e-30 4.390929758e-13 3.162339990e-32 3.723581943e-32
1.258925412e-01 1.396149676e-12 4.921454001e-27 2.407644481e-29 1.396149676e-12 8.000792923e-28 1.458556156e-27
1.496235656e-01 2.800985900e-12 4.484660154e-27 6.323368211e-29 2.800985900e-12 9.542734526e-25 5.359419308e-24
1.778279410e-01 3.797755851e-12 4.092244752e-27 7.821841997e-29 3.797755851e-12 1.028640625e-22 4.418124691e-22
2.113489040e-01 2.259419370e-12 3.879168729e-27 3.603184394e-29 2.259419348e-12 3.687090484e-21 1.833731233e-20
2.511886432e-01 4.349639324e-12 3.468169760e-27 7.046592935e-29 4.349635485e-12 5.653825753e-19 3.273168493e-18
2.985382619e-01 6.780883966e-12 3.189072551e-27 1.405801383e-28 6.780767156e-12 2.889908544e-17 8.791066520e-17
3.548133892e-01 7.750815980e-12 2.929982159e-27 2.088039441e-28 7.748875688e-12 6.083126597e-16 1.331979842e-15
4.216965034e-01 8.350987976e-12 2.732202711e-27 2.929118521e-28 8.331489250e-12 6.514698214e-15 1.298402848e-14
5.011872336e-01 8.757459286e-12 2.484672995e-27 3.917635063e-28 8.605961489e-12 6.086494357e-14 9.063285357e-14
5.956621435e-01 9.094597761e-12 2.256908186e-27 4.992549204e-28 8.281001699e-12 3.705936505e-13 4.430024123e-13
7.079457844e-01 1.060428626e-11 2.089231190e-27 6.235678548e-28 7.904964743e-12 1.431267673e-12 1.268053843e-12
8.413951416e-01 1.473397497e-11 1.913736893e-27 7.428443968e-28 6.962077932e-12 4.886807848e-12 2.885089191e-12
1.000000000e+00 2.267113970e-11 1.853656431e-27 8.784233905e-28 6.010753764e-12 1.174766216e-11 4.912723772e-12
1.079840827e+00 2.844565518e-11 1.674477334e-27 8.921793684e-28 4.890187857e-12 1.763960192e-11 5.915865403e-12
1.166056212e+00 3.766506843e-11 1.632113113e-27 9.424631432e-28 4.278747934e-12 2.623117653e-11 7.155143968e-12
1.259155105e+00 4.709226398e-11 1.563527712e-27 9.717169483e-28 3.614186200e-12 3.570484752e-11 7.773230259e-12
1.359687090e+00 5.834239105e-11 1.511504822e-27 1.001611206e-27 2.987013978e-12 4.714832636e-11 8.207050714e-12
1.468245632e+00 7.324532585e-11 1.445269690e-27 1.013934645e-27 2.438998012e-12 6.220494453e-11 8.601383309e-12
1.585471577e+00 8.875896936e-11 1.392777257e-27 1.027058115e-27 1.952787802e-12 7.830722747e-11 8.498954080e-12
1.712056940e+00 1.029057390e-10 1.304150835e-27 1.005836059e-27 1.496225641e-12 9.355973193e-11 7.849781420e-12
1.848748982e+00 1.205785138e-10 1.303577942e-27 1.046371462e-27 1.184922656e-12 1.122140390e-10 7.179552143e-12
1.996354630e+00 1.362184654e-10 1.238418604e-27 1.028470365e-27 8.763747668e-13 1.291871196e-10 6.154971046e-12
2.155745235e+00 1.488983375e-10 1.207271690e-27 1.031829768e-27 6.514566716e-13 1.432157398e-10 5.031141045e-12
2.327861718e+00 1.698811745e-10 1.141993845e-27 1.000144606e-27 4.607866379e-13 1.651702663e-10 4.250121525e-12
2.513720123e+00 1.734380173e-10 1.095424428e-27 9.788794455e-28 3.296788704e-13 1.699516860e-10 3.156652352e-12
2.714417617e+00 1.875160457e-10 1.067823292e-27 9.700728087e-28 2.377193472e-13 1.847976424e-10 2.480683925e-12
2.931138964e+00 1.943791878e-10 1.025677485e-27 9.448590849e-28 1.669909437e-13 1.923563089e-10 1.855887907e-12
3.165163524e+00 1.928182924e-10 9.868632833e-28 9.197383000e-28 1.175588601e-13 1.913763294e-10 1.324404193e-12
3.417872798e+00 1.909387898e-10 9.697447341e-28 9.124463939e-28 8.473352092e-14 1.899039178e-10 9.501385138e-13
3.690758589e+00 1.879536700e-10 9.230345159e-28 8.755503114e-28 5.920806336e-14 1.872184910e-10 6.759709094e-13
3.985431808e+00 1.784757957e-10 8.572360494e-28 8.186941664e-28 4.026555149e-14 1.779732463e-10 4.622838957e-13
4.303631980e+00 1.711015984e-10 8.093665649e-28 7.774804471e-28 2.781714538e-14 1.707534387e-10 3.203425843e-13
4.647237517e+00 1.587470419e-10 8.343887837e-28 8.054533358e-28 2.094114106e-14 1.585111242e-10 2.149765784e-13
5.018276805e+00 1.473977151e-10 7.856598098e-28 7.615209418e-28 1.438830626e-14 1.472406389e-10 1.426878850e-13
5.418940176e+00 1.364899932e-10 6.310764481e-28 6.137200187e-28 8.474173014e-15 1.363863504e-10 9.516860797e-14
5.851592842e+00 1.227449327e-10 4.837112776e-28 4.716962718e-28 4.716996259e-15 1.226783348e-10 6.188093075e-14
6.318788855e+00 1.108344989e-10 3.933704845e-28 3.844694739e-28 2.772011218e-15 1.107919258e-10 3.980111882e-14
6.823286184e+00 9.923176928e-11 3.128675418e-28 3.063567595e-28 1.589055395e-15 9.920487306e-11 2.530715806e-14
7.368062997e+00 9.323531841e-11 2.471245867e-28 2.419839528e-28 8.914070164e-16 9.321848825e-11 1.593875875e-14
7.956335242e+00 1.258807075e-10 1.872289586e-28 1.811199812e-28 4.763731604e-16 1.258661381e-10 1.409301782e-14
8.591575629e+00 2.103568571e-10 1.582463774e-28 1.484712548e-28 2.638960035e-16 2.103415601e-10 1.503310020e-14
9.277534134e+00 2.718625167e-10 1.230154094e-28 1.117843777e-28 0.000000000e+00 2.718486774e-10 1.383930218e-14
1.001826013e+01 2.424649343e-10 1.012316530e-28 9.220263790e-29 0.000000000e+00 2.424580965e-10 6.837835976e-15
1.081812631e+01 1.711439895e-10 7.983976390e-29 7.430465323e-29 0.000000000e+00 1.711428833e-10 1.106180473e-15
1.168185446e+01 1.129835106e-10 6.229981037e-29 5.917154326e-29 0.000000000e+00 1.129834991e-10 1.150844803e-17
1.261454339e+01 7.399268164e-11 4.997209158e-29 4.815481035e-29 0.000000000e+00 7.399268164e-11 0.000000000e+00
1.362169896e+01 5.093259058e-11 3.819836841e-29 3.715341698e-29 0.000000000e+00 5.093259058e-11 0.000000000e+00
1.470926668e+01 4.255774393e-11 3.106894293e-29 3.025698833e-29 0.000000000e+00 4.255774393e-11 0.000000000e+00
1.588366670e+01 4.236098300e-11 2.472190647e-29 2.396487079e-29 0.000000000e+00 4.236098300e-11 0.000000000e+00
1.715183178e+01 4.314405334e-11 1.893887194e-29 1.826217993e-29 0.000000000e+00 4.314405334e-11 0.000000000e+00
1.852124822e+01 3.883828869e-11 1.537954224e-29 1.480263995e-29 0.000000000e+00 3.883828869e-11 0.000000000e+00
2.000000000e+01 2.938951495e-11 1.185003093e-29 1.144827827e-29 0.000000000e+00 2.938951495e-11 0.000000000e+00
2.238721139e+01 1.860944506e-11 8.363718864e-30 8.131021617e-30 0.000000000e+00 1.860944506e-11 0.000000000e+00
2.660725060e+01 1.080518099e-11 5.302065361e-30 5.184745135e-30 0.000000000e+00 1.080518099e-11 0.000000000e+00
3.162277660e+01 5.831628400e-12 3.155312014e-30 3.100025729e-30 0.000000000e+00 5.831628400e-12 0.000000000e+00
3.758374043e+01 3.018209091e-12 1.848605185e-30 1.823053850e-30 0.000000000e+00 3.018209091e-12 0.000000000e+00
4.466835922e+01 1.466071846e-12 1.121309906e-30 1.109633026e-30 0.000000000e+00 1.466071846e-12 0.000000000e+00
5.308844442e+01 6.539259678e-13 6.650124038e-31 6.599957314e-31 0.000000000e+00 6.539259678e-13 0.000000000e+00
6.309573445e+01 2.982684933e-13 3.930887835e-31 3.909922601e-31 0.000000000e+00 2.982684933e-13 0.000000000e+00
7.498942093e+01 1.307096949e-13 2.336357326e-31 2.327681263e-31 0.000000000e+00 1.307096949e-13 0.000000000e+00
8.912509381e+01 5.508993021e-14 1.398362262e-31 1.394744075e-31 0.000000000e+00 5.508993021e-14 0.000000000e+00
1.059253725e+02 2.362834685e-14 8.146748004e-32 8.132011831e-32 0.000000000e+00 2.362834685e-14 0.000000000e+00
1.258925412e+02 1.050084663e-14 4.954251880e-32 4.947891219e-32 0.000000000e+00 1.050084663e-14 0.000000000e+00
1.496235656e+02 4.530653417e-15 2.888083461e-32 2.885443736e-32 0.000000000e+00 4.530653417e-15 0.000000000e+00
1.778279410e+02 1.864733994e-15 1.730361598e-32 1.729265238e-32 0.000000000e+00 1.864733994e-15 0.000000000e+00
2.113489040e+02 7.770114177e-16 1.061255422e-32 1.060783055e-32 0.000000000e+00 7.770114177e-16 0.000000000e+00
2.511886432e+02 3.385213710e-16 6.249569744e-33 6.247615236e-33 0.000000000e+00 3.385213710e-16 0.000000000e+00
2.985382619e+02 1.431663302e-16 3.749053070e-33 3.748224049e-33 0.000000000e+00 1.431663302e-16 0.000000000e+00
3.548133892e+02 6.117399158e-17 2.256544320e-33 2.256190874e-33 0.000000000e+00 6.117399158e-17 0.000000000e+00
4.216965034e+02 2.581021845e-17 1.316961525e-33 1.316815613e-33 0.000000000e+00 2.581021845e-17 0.000000000e+00
5.011872336e+02 1.100713631e-17 7.951302013e-34 7.950675761e-34 0.000000000e+00 1.100713631e-17 0.000000000e+00
5.956621435e+02 4.778856906e-18 4.768019021e-34 4.767752893e-34 0.000000000e+00 4.778856906e-18 0.000000000e+00
7.079457844e+02 1.984841181e-18 2.838449118e-34 2.838336702e-34 0.000000000e+00 1.984841181e-18 0.000000000e+00
8.413951416e+02 8.376844793e-19 1.662828794e-34 1.662781917e-34 0.000000000e+00 8.376844793e-19 0.000000000e+00
1.000000000e+03 3.293867101e-19 5.692409472e-35 5.692287150e-35 0.000000000e+00 3.293867101e-19 0.000000000e+00
