# column 1: wavelength (micron)
# column 2: total flux; lambda*F_lambda (W/m2)
# column 3: transparent flux; lambda*F_lambda (W/m2)
# column 4: direct primary flux; lambda*F_lambda (W/m2)
# column 5: scattered primary flux; lambda*F_lambda (W/m2)
# column 6: direct secondary flux; lambda*F_lambda (W/m2)
# column 7: scattered secondary flux; lambda*F_lambda (W/m2)
1.000000000e-03 1.226915974e-17 1.838132553e-28 1.586276807e-28 1.226915974e-17 0.000000000e+00 0.000000000e+00
1.188502227e-03 5.275205166e-17 4.305640669e-28 3.564588750e-28 5.275205166e-17 0.000000000e+00 0.000000000e+00
1.412537545e-03 1.185276472e-16 5.302572553e-28 4.144751582e-28 1.185276472e-16 0.000000000e+00 0.000000000e+00
1.678804018e-03 2.449182400e-16 6.597751570e-28 5.034465584e-28 2.449182400e-16 0.000000000e+00 0.000000000e+00
1.995262315e-03 1.715103087e-15 7.997684699e-28 5.615563171e-28 1.715103087e-15 0.000000000e+00 0.000000000e+00
2.371373706e-03 2.481003263e-15 9.896950236e-28 6.717897388e-28 2.481003263e-15 0.000000000e+00 0.000000000e+00
2.818382931e-03 2.488801491e-15 1.217139309e-27 7.335688408e-28 2.488801491e-15 0.000000000e+00 0.000000000e+00
3.349654392e-03 6.822313233e-15 1.473477357e-27 7.827535219e-28 6.822313233e-15 0.000000000e+00 0.000000000e+00
3.981071706e-03 1.430521289e-14 1.845183423e-27 8.992225083e-28 1.430521289e-14 0.000000000e+00 0.000000000e+00
4.731512590e-03 3.529539163e-14 2.280255805e-27 1.327138513e-27 3.529539163e-14 0.000000000e+00 0.000000000e+00
5.623413252e-03 6.807114264e-14 2.794571244e-27 1.376134915e-27 6.807114264e-14 0.000000000e+00 0.000000000e+00
6.683439176e-03 1.346723121e-13 3.415916073e-27 1.442125353e-27 1.346723121e-13 0.000000000e+00 0.000000000e+00
7.943282347e-03 3.008908105e-13 4.185700973e-27 1.549571942e-27 3.008908105e-13 0.000000000e+00 0.000000000e+00
9.440608763e-03 4.660207849e-13 5.172482774e-27 1.678635660e-27 4.660207849e-13 0.000000000e+00 0.000000000e+00
1.122018454e-02 6.576982106e-13 5.562756054e-27 1.679440268e-27 6.576982106e-13 0.000000000e+00 0.000000000e+00
1.333521432e-02 1.541128804e-12 5.574060593e-27 1.511814230e-27 1.541128804e-12 0.000000000e+00 0.000000000e+00
1.584893192e-02 2.624412675e-12 5.557680547e-27 1.337539218e-27 2.624412675e-12 0.000000000e+00 0.000000000e+00
1.883649089e-02 2.869411710e-12 5.593670508e-27 1.205785518e-27 2.869411710e-12 0.000000000e+00 0.000000000e+00
2.238721139e-02 3.957892712e-12 5.502080671e-27 1.061577083e-27 3.957892712e-12 0.000000000e+00 0.000000000e+00
2.660725060e-02 4.644242092e-12 5.551912925e-27 9.337513766e-28 4.644242092e-12 0.000000000e+00 0.000000000e+00
3.162277660e-02 6.052860646e-12 5.625277077e-27 8.200396500e-28 6.052860646e-12 0.000000000e+00 0.000000000e+00
3.758374043e-02 6.502811929e-12 5.527688913e-27 7.285099405e-28 6.502811929e-12 0.000000000e+00 0.000000000e+00
4.466835922e-02 7.860379861e-12 5.556065613e-27 6.184010090e-28 7.860379861e-12 0.000000000e+00 0.000000000e+00
5.308844442e-02 8.059124632e-12 5.565524513e-27 4.477046260e-28 8.059124632e-12 0.000000000e+00 0.000000000e+00
6.309573445e-02 5.354656742e-12 5.515230849e-27 2.052004997e-28 5.354656742e-12 0.000000000e+00 0.000000000e+00
7.498942093e-02 2.429997134e-12 5.596900377e-27 8.044304840e-29 2.429997134e-12 0.000000000e+00 0.000000000e+00
8.912509381e-02 2.694552677e-12 5.604052228e-27 1.007980026e-28 2.694552677e-12 6.270168170e-36 2.162760024e-35
1.059253725e-01 4.648333188e-12 5.407564098e-27 1.771187656e-28 4.648333188e-12 9.762191240e-31 3.160532335e-31
1.258925412e-01 7.081384936e-12 4.916993723e-27 3.389646058e-28 7.081384936e-12 3.413698181e-27 2.110041464e-27
1.496235656e-01 8.648352565e-12 4.542699626e-27 5.350449474e-28 8.648352565e-12 2.763089124e-24 4.052691412e-24
1.778279410e-01 1.002609067e-11 4.131403493e-27 5.702886084e-28 1.002609067e-11 4.634340109e-22 1.101182256e-21
2.113489040e-01 8.344590222e-12 3.794162705e-27 3.638692979e-28 8.344590169e-12 2.009639359e-20 3.297447175e-20
2.511886432e-01 1.112900900e-11 3.466312932e-27 4.873624779e-28 1.112900470e-11 1.494619576e-18 2.804401323e-18
2.985382619e-01 1.200568305e-11 3.204400081e-27 6.708905300e-28 1.200550096e-11 7.647801752e-17 1.056203676e-16
3.548133892e-01 1.130103546e-11 2.943282430e-27 7.847998428e-28 1.129879055e-11 1.134425992e-15 1.110488370e-15
4.216965034e-01 1.007637696e-11 2.683573078e-27 8.775668183e-28 1.004891527e-11 1.479424311e-14 1.266744892e-14
5.011872336e-01 9.218762646e-12 2.474932373e-27 9.811742631e-28 9.070694000e-12 9.342956315e-14 5.463908300e-14
5.956621435e-01 8.596959367e-12 2.273681893e-27 1.069106126e-27 7.897409179e-12 4.722104670e-13 2.273397211e-13
7.079457844e-01 8.856419428e-12 2.091806013e-27 1.141739700e-27 6.640479755e-12 1.604409422e-12 6.115302507e-13
8.413951416e-01 1.126988045e-11 1.889893352e-27 1.176633539e-27 5.226725418e-12 4.735644629e-12 1.307510404e-12
1.000000000e+00 1.637167906e-11 1.784072461e-27 1.228264969e-27 4.110890113e-12 1.019063245e-11 2.070156491e-12
1.079840827e+00 2.175572041e-11 1.681015144e-27 1.226504522e-27 3.341510541e-12 1.588472381e-11 2.529486062e-12
1.166056212e+00 2.704564020e-11 1.642528435e-27 1.247878036e-27 2.802202466e-12 2.142946545e-11 2.813972282e-12
1.259155105e+00 3.359736219e-11 1.535532669e-27 1.210794811e-27 2.253833927e-12 2.831965718e-11 3.023871081e-12
1.359687090e+00 4.274657037e-11 1.475592294e-27 1.201349477e-27 1.827155774e-12 3.765389397e-11 3.265520628e-12
1.468245632e+00 5.200501243e-11 1.489984782e-27 1.247859169e-27 1.522757002e-12 4.722513326e-11 3.257122174e-12
1.585471577e+00 6.452860976e-11 1.396532279e-27 1.199826827e-27 1.158164912e-12 6.010215585e-11 3.268288998e-12
1.712056940e+00 7.482103277e-11 1.349672445e-27 1.185516768e-27 8.970553043e-13 7.093544382e-11 2.988533646e-12
1.848748982e+00 8.766808423e-11 1.291807446e-27 1.157398860e-27 6.658126114e-13 8.430610983e-11 2.696161789e-12
1.996354630e+00 9.823155499e-11 1.233814776e-27 1.124369081e-27 4.868232669e-13 9.545368035e-11 2.291051369e-12
2.155745235e+00 1.138743369e-10 1.190767749e-27 1.100973616e-27 3.522922442e-13 1.115595583e-10 1.962486394e-12
2.327861718e+00 1.247415930e-10 1.154924370e-27 1.080757250e-27 2.534491478e-13 1.229208844e-10 1.567259470e-12
2.513720123e+00 1.332863440e-10 1.111289834e-27 1.050480604e-27 1.785291243e-13 1.318869257e-10 1.220889146e-12
2.714417617e+00 1.392178683e-10 1.065409703e-27 1.015608988e-27 1.248708656e-13 1.381773209e-10 9.156765774e-13
2.931138964e+00 1.474985318e-10 1.051212266e-27 1.009039773e-27 8.999825578e-14 1.467092532e-10 6.992803396e-13
3.165163524e+00 1.458094339e-10 9.988763229e-28 9.643161017e-28 6.247442134e-14 1.452496240e-10 4.973354215e-13
3.417872798e+00 1.490816804e-10 9.505969595e-28 9.221035593e-28 4.335710029e-14 1.486711295e-10 3.671938207e-13
3.690758589e+00 1.445333973e-10 9.110391038e-28 8.873173827e-28 3.026410843e-14 1.442476301e-10 2.555030641e-13
3.985431808e+00 1.379834223e-10 8.617365485e-28 8.421562857e-28 2.088124177e-14 1.377871636e-10 1.753774552e-13
4.303631980e+00 1.305043861e-10 8.508563030e-28 8.339244862e-28 1.504428905e-14 1.303700477e-10 1.192941630e-13
4.647237517e+00 1.209511678e-10 8.269977329e-28 8.125305590e-28 1.063980090e-14 1.208607336e-10 7.979435318e-14
5.018276805e+00 1.093743097e-10 7.714469325e-28 7.594958118e-28 7.238974919e-15 1.093150257e-10 5.204502547e-14
5.418940176e+00 9.841463738e-11 6.155678059e-28 6.070603869e-28 4.196674490e-15 9.837697123e-11 3.346946943e-14
5.851592842e+00 8.993715242e-11 4.936126010e-28 4.874476408e-28 2.446200253e-15 8.991304017e-11 2.166604771e-14
6.318788855e+00 7.959053859e-11 4.010432166e-28 3.964815393e-28 1.435388342e-15 7.957574670e-11 1.335649873e-14
6.823286184e+00 6.945262754e-11 3.102391885e-28 3.069967733e-28 7.977168897e-16 6.944431532e-11 7.514505376e-15
7.368062997e+00 6.736732408e-11 2.509602813e-28 2.483346105e-28 1.982126858e-16 6.736357125e-11 3.554623209e-15
7.956335242e+00 9.569455726e-11 1.940895962e-28 1.909046385e-28 0.000000000e+00 9.569333918e-11 1.218081665e-15
8.591575629e+00 1.625455335e-10 1.520635440e-28 1.472772315e-28 0.000000000e+00 1.625452810e-10 2.525403997e-16
9.277534134e+00 2.098224146e-10 1.247529800e-28 1.189308411e-28 0.000000000e+00 2.098223949e-10 1.972186934e-17
1.001826013e+01 1.850166818e-10 9.874358462e-29 9.423902136e-29 0.000000000e+00 1.850166818e-10 0.000000000e+00
1.081812631e+01 1.313605559e-10 7.751624156e-29 7.478310204e-29 0.000000000e+00 1.313605559e-10 0.000000000e+00
1.168185446e+01 8.396863916e-11 6.177514051e-29 6.019932461e-29 0.000000000e+00 8.396863916e-11 0.000000000e+00
1.261454339e+01 5.340186790e-11 4.925038212e-29 4.834717871e-29 0.000000000e+00 5.340186790e-11 0.000000000e+00
1.362169896e+01 3.529664462e-11 3.942656427e-29 3.888316706e-29 0.000000000e+00 3.529664462e-11 0.000000000e+00
1.470926668e+01 2.978878922e-11 3.102890507e-29 3.062125688e-29 0.000000000e+00 2.978878922e-11 0.000000000e+00
1.588366670e+01 2.917166433e-11 2.388753023e-29 2.351902153e-29 0.000000000e+00 2.917166433e-11 0.000000000e+00
1.715183178e+01 2.911949523e-11 1.975668069e-29 1.940077864e-29 0.000000000e+00 2.911949523e-11 0.000000000e+00
1.852124822e+01 2.540604221e-11 1.584733316e-29 1.554742812e-29 0.000000000e+00 2.540604221e-11 0.000000000e+00
2.000000000e+01 1.919350637e-11 1.177121267e-29 1.157048824e-29 0.000000000e+00 1.919350637e-11 0.000000000e+00
2.238721139e+01 1.218536332e-11 8.300962400e-30 8.184699576e-30 0.000000000e+00 1.218536332e-11 0.000000000e+00
2.660725060e+01 6.815959960e-12 5.255089253e-30 5.196793145e-30 0.000000000e+00 6.815959960e-12 0.000000000e+00
3.162277660e+01 3.585231131e-12 3.186998233e-30 3.158943295e-30 0.000000000e+00 3.585231131e-12 0.000000000e+00
3.758374043e+01 1.835632071e-12 1.890656935e-30 1.877565898e-30 0.000000000e+00 1.835632071e-12 0.000000000e+00
4.466835922e+01 8.664323737e-13 1.075278082e-30 1.069667161e-30 0.000000000e+00 8.664323737e-13 0.000000000e+00
5.308844442e+01 3.946789461e-13 6.506094630e-31 6.481509948e-31 0.000000000e+00 3.946789461e-13 0.000000000e+00
6.309573445e+01 1.734913444e-13 3.974177173e-31 3.963594916e-31 0.000000000e+00 1.734913444e-13 0.000000000e+00
7.498942093e+01 7.576462994e-14 2.363391041e-31 2.358995659e-31 0.000000000e+00 7.576462994e-14 0.000000000e+00
8.912509381e+01 3.162391143e-14 1.374729492e-31 1.372954697e-31 0.000000000e+00 3.162391143e-14 0.000000000e+00
1.059253725e+02 1.389139365e-14 8.456944600e-32 8.449304895e-32 0.000000000e+00 1.389139365e-14 0.000000000e+00
1.258925412e+02 5.889962104e-15 4.984879599e-32 4.981678176e-32 0.000000000e+00 5.889962104e-15 0.000000000e+00
1.496235656e+02 2.614459780e-15 2.933170367e-32 2.931827969e-32 0.000000000e+00 2.614459780e-15 0.000000000e+00
1.778279410e+02 1.089793073e-15 1.776564659e-32 1.776001674e-32 0.000000000e+00 1.089793073e-15 0.000000000e+00
2.113489040e+02 4.492968573e-16 1.044011060e-32 1.043779072e-32 0.000000000e+00 4.492968573e-16 0.000000000e+00
2.511886432e+02 1.953501016e-16 6.186095001e-33 6.185128904e-33 0.000000000e+00 1.953501016e-16 0.000000000e+00
2.985382619e+02 8.258323106e-17 3.651086167e-33 3.650682576e-33 0.000000000e+00 8.258323106e-17 0.000000000e+00
3.548133892e+02 3.507891103e-17 2.272116887e-33 2.271938845e-33 0.000000000e+00 3.507891103e-17 0.000000000e+00
4.216965034e+02 1.484288398e-17 1.341970160e-33 1.341895491e-33 0.000000000e+00 1.484288398e-17 0.000000000e+00
5.011872336e+02 6.201605251e-18 7.986931208e-34 7.986616999e-34 0.000000000e+00 6.201605251e-18 0.000000000e+00
5.956621435e+02 2.639918371e-18 4.769184893e-34 4.769051474e-34 0.000000000e+00 2.639918371e-18 0.000000000e+00
7.079457844e+02 1.135006544e-18 2.830664930e-34 2.830608840e-34 0.000000000e+00 1.135006544e-18 0.000000000e+00
8.413951416e+02 4.798528814e-19 1.700741920e-34 1.700717994e-34 0.000000000e+00 4.798528814e-19 0.000000000e+00
1.000000000e+03 1.879695944e-19 5.603736392e-35 5.603676256e-35 0.000000000e+00 1.879695944e-19 0.000000000e+00
